0.00000000000000000
0.00023832221163012
0.00047664442326025
0.00071496663489037
0.00095328884652050
0.00119161105815062
0.00142993326978074
0.00166825548141087
0.00190657769304099
0.00214489990467112
0.00238322211630124
0.00262154432793136
0.00285986653956149
0.00309818875119161
0.00333651096282174
0.00357483317445186
0.00381315538608198
0.00405147759771211
0.00428979980934223
0.00452812202097235
0.00476644423260248
0.00500476644423260
0.00524308865586273
0.00548141086749285
0.00571973307912297
0.00595805529075310
0.00619637750238322
0.00643469971401335
0.00667302192564347
0.00691134413727359
0.00714966634890372
0.00738798856053384
0.00762631077216397
0.00786463298379409
0.00810295519542421
0.00834127740705434
0.00857959961868446
0.00881792183031459
0.00905624404194471
0.00929456625357483
0.00953288846520496
0.00977121067683508
0.01000953288846521
0.01024785510009533
0.01048617731172545
0.01072449952335558
0.01096282173498570
0.01120114394661582
0.01143946615824595
0.01167778836987607
0.01191611058150620
0.01215443279313632
0.01239275500476644
0.01263107721639657
0.01286939942802669
0.01310772163965682
0.01334604385128694
0.01358436606291706
0.01382268827454719
0.01406101048617731
0.01429933269780744
0.01453765490943756
0.01477597712106768
0.01501429933269781
0.01525262154432793
0.01549094375595805
0.01572926596758818
0.01596758817921830
0.01620591039084843
0.01644423260247855
0.01668255481410868
0.01692087702573880
0.01715919923736892
0.01739752144899905
0.01763584366062917
0.01787416587225929
0.01811248808388942
0.01835081029551954
0.01858913250714967
0.01882745471877979
0.01906577693040992
0.01930409914204004
0.01954242135367016
0.01978074356530029
0.02001906577693041
0.02025738798856053
0.02049571020019066
0.02073403241182078
0.02097235462345090
0.02121067683508103
0.02144899904671115
0.02168732125834128
0.02192564346997140
0.02216396568160153
0.02240228789323165
0.02264061010486177
0.02287893231649190
0.02311725452812202
0.02335557673975214
0.02359389895138227
0.02383222116301239
0.02407054337464252
0.02430886558627264
0.02454718779790277
0.02478551000953289
0.02502383222116301
0.02526215443279314
0.02550047664442326
0.02573879885605338
0.02597712106768351
0.02621544327931363
0.02645376549094376
0.02669208770257388
0.02693040991420400
0.02716873212583413
0.02740705433746425
0.02764537654909438
0.02788369876072450
0.02812202097235462
0.02836034318398475
0.02859866539561487
0.02883698760724500
0.02907530981887512
0.02931363203050524
0.02955195424213537
0.02979027645376549
0.03002859866539561
0.03026692087702574
0.03050524308865586
0.03074356530028599
0.03098188751191611
0.03122020972354624
0.03145853193517636
0.03169685414680648
0.03193517635843661
0.03217349857006673
0.03241182078169685
0.03265014299332698
0.03288846520495710
0.03312678741658723
0.03336510962821735
0.03360343183984747
0.03384175405147759
0.03408007626310772
0.03431839847473785
0.03455672068636797
0.03479504289799809
0.03503336510962822
0.03527168732125834
0.03551000953288846
0.03574833174451859
0.03598665395614872
0.03622497616777884
0.03646329837940896
0.03670162059103908
0.03693994280266921
0.03717826501429933
0.03741658722592946
0.03765490943755958
0.03789323164918970
0.03813155386081983
0.03836987607244995
0.03860819828408008
0.03884652049571020
0.03908484270734033
0.03932316491897045
0.03956148713060057
0.03979980934223069
0.04003813155386082
0.04027645376549095
0.04051477597712107
0.04075309818875119
0.04099142040038131
0.04122974261201144
0.04146806482364156
0.04170638703527169
0.04194470924690181
0.04218303145853194
0.04242135367016206
0.04265967588179218
0.04289799809342230
0.04313632030505243
0.04337464251668256
0.04361296472831268
0.04385128693994280
0.04408960915157293
0.04432793136320305
0.04456625357483317
0.04480457578646330
0.04504289799809343
0.04528122020972355
0.04551954242135367
0.04575786463298379
0.04599618684461391
0.04623450905624404
0.04647283126787417
0.04671115347950429
0.04694947569113441
0.04718779790276454
0.04742612011439466
0.04766444232602478
0.04790276453765491
0.04814108674928504
0.04837940896091516
0.04861773117254528
0.04885605338417540
0.04909437559580553
0.04933269780743565
0.04957102001906578
0.04980934223069590
0.05004766444232602
0.05028598665395615
0.05052430886558627
0.05076263107721640
0.05100095328884652
0.05123927550047665
0.05147759771210677
0.05171591992373689
0.05195424213536701
0.05219256434699714
0.05243088655862727
0.05266920877025739
0.05290753098188751
0.05314585319351764
0.05338417540514776
0.05362249761677788
0.05386081982840801
0.05409914204003813
0.05433746425166826
0.05457578646329838
0.05481410867492850
0.05505243088655862
0.05529075309818875
0.05552907530981888
0.05576739752144900
0.05600571973307912
0.05624404194470925
0.05648236415633937
0.05672068636796949
0.05695900857959962
0.05719733079122975
0.05743565300285987
0.05767397521448999
0.05791229742612011
0.05815061963775024
0.05838894184938036
0.05862726406101049
0.05886558627264061
0.05910390848427073
0.05934223069590086
0.05958055290753098
0.05981887511916111
0.06005719733079123
0.06029551954242136
0.06053384175405148
0.06077216396568160
0.06101048617731172
0.06124880838894185
0.06148713060057198
0.06172545281220210
0.06196377502383222
0.06220209723546234
0.06244041944709247
0.06267874165872259
0.06291706387035272
0.06315538608198284
0.06339370829361296
0.06363203050524309
0.06387035271687322
0.06410867492850333
0.06434699714013346
0.06458531935176358
0.06482364156339371
0.06506196377502384
0.06530028598665395
0.06553860819828408
0.06577693040991420
0.06601525262154433
0.06625357483317446
0.06649189704480457
0.06673021925643470
0.06696854146806483
0.06720686367969494
0.06744518589132507
0.06768350810295519
0.06792183031458532
0.06816015252621545
0.06839847473784556
0.06863679694947569
0.06887511916110582
0.06911344137273594
0.06935176358436607
0.06959008579599618
0.06982840800762631
0.07006673021925644
0.07030505243088656
0.07054337464251668
0.07078169685414680
0.07102001906577693
0.07125834127740706
0.07149666348903717
0.07173498570066730
0.07197330791229743
0.07221163012392755
0.07244995233555768
0.07268827454718779
0.07292659675881792
0.07316491897044805
0.07340324118207817
0.07364156339370830
0.07387988560533841
0.07411820781696854
0.07435653002859867
0.07459485224022878
0.07483317445185891
0.07507149666348904
0.07530981887511916
0.07554814108674929
0.07578646329837940
0.07602478551000953
0.07626310772163966
0.07650142993326978
0.07673975214489991
0.07697807435653004
0.07721639656816015
0.07745471877979028
0.07769304099142040
0.07793136320305052
0.07816968541468065
0.07840800762631077
0.07864632983794090
0.07888465204957101
0.07912297426120114
0.07936129647283127
0.07959961868446139
0.07983794089609152
0.08007626310772165
0.08031458531935176
0.08055290753098189
0.08079122974261201
0.08102955195424213
0.08126787416587226
0.08150619637750238
0.08174451858913251
0.08198284080076262
0.08222116301239275
0.08245948522402288
0.08269780743565300
0.08293612964728313
0.08317445185891326
0.08341277407054337
0.08365109628217350
0.08388941849380362
0.08412774070543375
0.08436606291706387
0.08460438512869399
0.08484270734032412
0.08508102955195425
0.08531935176358436
0.08555767397521449
0.08579599618684461
0.08603431839847474
0.08627264061010487
0.08651096282173498
0.08674928503336511
0.08698760724499523
0.08722592945662536
0.08746425166825549
0.08770257387988560
0.08794089609151573
0.08817921830314586
0.08841754051477597
0.08865586272640610
0.08889418493803622
0.08913250714966635
0.08937082936129648
0.08960915157292659
0.08984747378455672
0.09008579599618685
0.09032411820781697
0.09056244041944710
0.09080076263107721
0.09103908484270734
0.09127740705433747
0.09151572926596759
0.09175405147759771
0.09199237368922783
0.09223069590085796
0.09246901811248809
0.09270734032411820
0.09294566253574833
0.09318398474737846
0.09342230695900858
0.09366062917063871
0.09389895138226882
0.09413727359389895
0.09437559580552908
0.09461391801715920
0.09485224022878933
0.09509056244041944
0.09532888465204957
0.09556720686367970
0.09580552907530981
0.09604385128693994
0.09628217349857007
0.09652049571020019
0.09675881792183032
0.09699714013346043
0.09723546234509056
0.09747378455672069
0.09771210676835081
0.09795042897998094
0.09818875119161107
0.09842707340324118
0.09866539561487131
0.09890371782650142
0.09914204003813155
0.09938036224976168
0.09961868446139180
0.09985700667302193
0.10009532888465204
0.10033365109628217
0.10057197330791230
0.10081029551954242
0.10104861773117255
0.10128693994280268
0.10152526215443279
0.10176358436606292
0.10200190657769304
0.10224022878932316
0.10247855100095329
0.10271687321258341
0.10295519542421354
0.10319351763584365
0.10343183984747378
0.10367016205910391
0.10390848427073403
0.10414680648236416
0.10438512869399429
0.10462345090562440
0.10486177311725453
0.10510009532888465
0.10533841754051478
0.10557673975214490
0.10581506196377502
0.10605338417540515
0.10629170638703528
0.10653002859866539
0.10676835081029552
0.10700667302192564
0.10724499523355577
0.10748331744518590
0.10772163965681601
0.10795996186844614
0.10819828408007626
0.10843660629170639
0.10867492850333652
0.10891325071496663
0.10915157292659676
0.10938989513822689
0.10962821734985700
0.10986653956148713
0.11010486177311725
0.11034318398474738
0.11058150619637751
0.11081982840800762
0.11105815061963775
0.11129647283126787
0.11153479504289800
0.11177311725452813
0.11201143946615824
0.11224976167778837
0.11248808388941850
0.11272640610104862
0.11296472831267874
0.11320305052430886
0.11344137273593899
0.11367969494756912
0.11391801715919923
0.11415633937082936
0.11439466158245949
0.11463298379408961
0.11487130600571974
0.11510962821734985
0.11534795042897998
0.11558627264061011
0.11582459485224023
0.11606291706387036
0.11630123927550047
0.11653956148713060
0.11677788369876073
0.11701620591039084
0.11725452812202097
0.11749285033365110
0.11773117254528122
0.11796949475691135
0.11820781696854146
0.11844613918017159
0.11868446139180172
0.11892278360343184
0.11916110581506197
0.11939942802669208
0.11963775023832221
0.11987607244995234
0.12011439466158245
0.12035271687321258
0.12059103908484271
0.12082936129647283
0.12106768350810296
0.12130600571973307
0.12154432793136320
0.12178265014299333
0.12202097235462345
0.12225929456625358
0.12249761677788371
0.12273593898951382
0.12297426120114395
0.12321258341277407
0.12345090562440419
0.12368922783603432
0.12392755004766444
0.12416587225929457
0.12440419447092468
0.12464251668255481
0.12488083889418494
0.12511916110581506
0.12535748331744517
0.12559580552907532
0.12583412774070543
0.12607244995233555
0.12631077216396569
0.12654909437559581
0.12678741658722592
0.12702573879885606
0.12726406101048618
0.12750238322211629
0.12774070543374644
0.12797902764537655
0.12821734985700667
0.12845567206863678
0.12869399428026693
0.12893231649189704
0.12917063870352716
0.12940896091515730
0.12964728312678742
0.12988560533841753
0.13012392755004767
0.13036224976167779
0.13060057197330791
0.13083889418493805
0.13107721639656816
0.13131553860819828
0.13155386081982839
0.13179218303145854
0.13203050524308865
0.13226882745471877
0.13250714966634891
0.13274547187797903
0.13298379408960914
0.13322211630123929
0.13346043851286940
0.13369876072449952
0.13393708293612966
0.13417540514775977
0.13441372735938989
0.13465204957102003
0.13489037178265015
0.13512869399428026
0.13536701620591038
0.13560533841754052
0.13584366062917064
0.13608198284080075
0.13632030505243090
0.13655862726406101
0.13679694947569113
0.13703527168732127
0.13727359389895138
0.13751191611058150
0.13775023832221164
0.13798856053384176
0.13822688274547187
0.13846520495710199
0.13870352716873213
0.13894184938036225
0.13918017159199236
0.13941849380362251
0.13965681601525262
0.13989513822688274
0.14013346043851288
0.14037178265014300
0.14061010486177311
0.14084842707340325
0.14108674928503337
0.14132507149666348
0.14156339370829360
0.14180171591992374
0.14204003813155386
0.14227836034318397
0.14251668255481412
0.14275500476644423
0.14299332697807435
0.14323164918970449
0.14346997140133461
0.14370829361296472
0.14394661582459486
0.14418493803622498
0.14442326024785510
0.14466158245948521
0.14489990467111535
0.14513822688274547
0.14537654909437558
0.14561487130600573
0.14585319351763584
0.14609151572926596
0.14632983794089610
0.14656816015252622
0.14680648236415633
0.14704480457578648
0.14728312678741659
0.14752144899904671
0.14775977121067682
0.14799809342230696
0.14823641563393708
0.14847473784556720
0.14871306005719734
0.14895138226882745
0.14918970448045757
0.14942802669208771
0.14966634890371783
0.14990467111534794
0.15014299332697809
0.15038131553860820
0.15061963775023832
0.15085795996186846
0.15109628217349858
0.15133460438512869
0.15157292659675881
0.15181124880838895
0.15204957102001906
0.15228789323164918
0.15252621544327932
0.15276453765490944
0.15300285986653955
0.15324118207816970
0.15347950428979981
0.15371782650142993
0.15395614871306007
0.15419447092469019
0.15443279313632030
0.15467111534795042
0.15490943755958056
0.15514775977121067
0.15538608198284079
0.15562440419447093
0.15586272640610105
0.15610104861773116
0.15633937082936131
0.15657769304099142
0.15681601525262154
0.15705433746425168
0.15729265967588180
0.15753098188751191
0.15776930409914203
0.15800762631077217
0.15824594852240229
0.15848427073403240
0.15872259294566254
0.15896091515729266
0.15919923736892277
0.15943755958055292
0.15967588179218303
0.15991420400381315
0.16015252621544329
0.16039084842707341
0.16062917063870352
0.16086749285033364
0.16110581506196378
0.16134413727359390
0.16158245948522401
0.16182078169685415
0.16205910390848427
0.16229742612011439
0.16253574833174453
0.16277407054337464
0.16301239275500476
0.16325071496663490
0.16348903717826502
0.16372735938989513
0.16396568160152525
0.16420400381315539
0.16444232602478551
0.16468064823641562
0.16491897044804577
0.16515729265967588
0.16539561487130600
0.16563393708293614
0.16587225929456625
0.16611058150619637
0.16634890371782651
0.16658722592945663
0.16682554814108674
0.16706387035271689
0.16730219256434700
0.16754051477597712
0.16777883698760723
0.16801715919923738
0.16825548141086749
0.16849380362249761
0.16873212583412775
0.16897044804575787
0.16920877025738798
0.16944709246901812
0.16968541468064824
0.16992373689227835
0.17016205910390850
0.17040038131553861
0.17063870352716873
0.17087702573879884
0.17111534795042899
0.17135367016205910
0.17159199237368922
0.17183031458531936
0.17206863679694948
0.17230695900857959
0.17254528122020973
0.17278360343183985
0.17302192564346996
0.17326024785510011
0.17349857006673022
0.17373689227836034
0.17397521448999045
0.17421353670162060
0.17445185891325071
0.17469018112488083
0.17492850333651097
0.17516682554814109
0.17540514775977120
0.17564346997140134
0.17588179218303146
0.17612011439466158
0.17635843660629172
0.17659675881792183
0.17683508102955195
0.17707340324118206
0.17731172545281221
0.17755004766444232
0.17778836987607244
0.17802669208770258
0.17826501429933270
0.17850333651096281
0.17874165872259296
0.17897998093422307
0.17921830314585319
0.17945662535748333
0.17969494756911344
0.17993326978074356
0.18017159199237370
0.18040991420400382
0.18064823641563393
0.18088655862726405
0.18112488083889419
0.18136320305052431
0.18160152526215442
0.18183984747378457
0.18207816968541468
0.18231649189704480
0.18255481410867494
0.18279313632030506
0.18303145853193517
0.18326978074356531
0.18350810295519543
0.18374642516682554
0.18398474737845566
0.18422306959008580
0.18446139180171592
0.18469971401334603
0.18493803622497618
0.18517635843660629
0.18541468064823641
0.18565300285986655
0.18589132507149667
0.18612964728312678
0.18636796949475692
0.18660629170638704
0.18684461391801716
0.18708293612964727
0.18732125834127741
0.18755958055290753
0.18779790276453764
0.18803622497616779
0.18827454718779790
0.18851286939942802
0.18875119161105816
0.18898951382268828
0.18922783603431839
0.18946615824594853
0.18970448045757865
0.18994280266920877
0.19018112488083888
0.19041944709246902
0.19065776930409914
0.19089609151572925
0.19113441372735940
0.19137273593898951
0.19161105815061963
0.19184938036224977
0.19208770257387989
0.19232602478551000
0.19256434699714015
0.19280266920877026
0.19304099142040038
0.19327931363203049
0.19351763584366063
0.19375595805529075
0.19399428026692087
0.19423260247855101
0.19447092469018112
0.19470924690181124
0.19494756911344138
0.19518589132507150
0.19542421353670161
0.19566253574833176
0.19590085795996187
0.19613918017159199
0.19637750238322213
0.19661582459485225
0.19685414680648236
0.19709246901811248
0.19733079122974262
0.19756911344137273
0.19780743565300285
0.19804575786463299
0.19828408007626311
0.19852240228789322
0.19876072449952337
0.19899904671115348
0.19923736892278360
0.19947569113441374
0.19971401334604386
0.19995233555767397
0.20019065776930409
0.20042897998093423
0.20066730219256435
0.20090562440419446
0.20114394661582460
0.20138226882745472
0.20162059103908483
0.20185891325071498
0.20209723546234509
0.20233555767397521
0.20257387988560535
0.20281220209723547
0.20305052430886558
0.20328884652049570
0.20352716873212584
0.20376549094375596
0.20400381315538607
0.20424213536701621
0.20448045757864633
0.20471877979027645
0.20495710200190659
0.20519542421353670
0.20543374642516682
0.20567206863679696
0.20591039084842708
0.20614871306005719
0.20638703527168731
0.20662535748331745
0.20686367969494757
0.20710200190657768
0.20734032411820782
0.20757864632983794
0.20781696854146806
0.20805529075309820
0.20829361296472831
0.20853193517635843
0.20877025738798857
0.20900857959961869
0.20924690181124880
0.20948522402287892
0.20972354623450906
0.20996186844613918
0.21020019065776929
0.21043851286939944
0.21067683508102955
0.21091515729265967
0.21115347950428981
0.21139180171591992
0.21163012392755004
0.21186844613918018
0.21210676835081030
0.21234509056244041
0.21258341277407056
0.21282173498570067
0.21306005719733079
0.21329837940896090
0.21353670162059105
0.21377502383222116
0.21401334604385128
0.21425166825548142
0.21448999046711154
0.21472831267874165
0.21496663489037179
0.21520495710200191
0.21544327931363202
0.21568160152526217
0.21591992373689228
0.21615824594852240
0.21639656816015251
0.21663489037178266
0.21687321258341277
0.21711153479504289
0.21734985700667303
0.21758817921830315
0.21782650142993326
0.21806482364156340
0.21830314585319352
0.21854146806482364
0.21877979027645378
0.21901811248808389
0.21925643469971401
0.21949475691134412
0.21973307912297427
0.21997140133460438
0.22020972354623450
0.22044804575786464
0.22068636796949476
0.22092469018112487
0.22116301239275502
0.22140133460438513
0.22163965681601525
0.22187797902764539
0.22211630123927550
0.22235462345090562
0.22259294566253573
0.22283126787416588
0.22306959008579599
0.22330791229742611
0.22354623450905625
0.22378455672068637
0.22402287893231648
0.22426120114394663
0.22449952335557674
0.22473784556720686
0.22497616777883700
0.22521448999046711
0.22545281220209723
0.22569113441372735
0.22592945662535749
0.22616777883698760
0.22640610104861772
0.22664442326024786
0.22688274547187798
0.22712106768350809
0.22735938989513824
0.22759771210676835
0.22783603431839847
0.22807435653002861
0.22831267874165873
0.22855100095328884
0.22878932316491898
0.22902764537654910
0.22926596758817921
0.22950428979980933
0.22974261201143947
0.22998093422306959
0.23021925643469970
0.23045757864632985
0.23069590085795996
0.23093422306959008
0.23117254528122022
0.23141086749285034
0.23164918970448045
0.23188751191611059
0.23212583412774071
0.23236415633937083
0.23260247855100094
0.23284080076263108
0.23307912297426120
0.23331744518589131
0.23355576739752146
0.23379408960915157
0.23403241182078169
0.23427073403241183
0.23450905624404195
0.23474737845567206
0.23498570066730221
0.23522402287893232
0.23546234509056244
0.23570066730219255
0.23593898951382269
0.23617731172545281
0.23641563393708293
0.23665395614871307
0.23689227836034318
0.23713060057197330
0.23736892278360344
0.23760724499523356
0.23784556720686367
0.23808388941849382
0.23832221163012393
0.23856053384175405
0.23879885605338416
0.23903717826501431
0.23927550047664442
0.23951382268827454
0.23975214489990468
0.23999046711153479
0.24022878932316491
0.24046711153479505
0.24070543374642517
0.24094375595805528
0.24118207816968543
0.24142040038131554
0.24165872259294566
0.24189704480457577
0.24213536701620592
0.24237368922783603
0.24261201143946615
0.24285033365109629
0.24308865586272640
0.24332697807435652
0.24356530028598666
0.24380362249761678
0.24404194470924689
0.24428026692087704
0.24451858913250715
0.24475691134413727
0.24499523355576741
0.24523355576739753
0.24547187797902764
0.24571020019065776
0.24594852240228790
0.24618684461391802
0.24642516682554813
0.24666348903717827
0.24690181124880839
0.24714013346043850
0.24737845567206865
0.24761677788369876
0.24785510009532888
0.24809342230695902
0.24833174451858914
0.24857006673021925
0.24880838894184937
0.24904671115347951
0.24928503336510963
0.24952335557673974
0.24976167778836988
0.25000000000000000
0.25023832221163012
0.25047664442326023
0.25071496663489035
0.25095328884652052
0.25119161105815063
0.25142993326978075
0.25166825548141086
0.25190657769304098
0.25214489990467109
0.25238322211630126
0.25262154432793138
0.25285986653956150
0.25309818875119161
0.25333651096282173
0.25357483317445184
0.25381315538608196
0.25405147759771213
0.25428979980934224
0.25452812202097236
0.25476644423260247
0.25500476644423259
0.25524308865586270
0.25548141086749288
0.25571973307912299
0.25595805529075311
0.25619637750238322
0.25643469971401334
0.25667302192564345
0.25691134413727357
0.25714966634890374
0.25738798856053385
0.25762631077216397
0.25786463298379408
0.25810295519542420
0.25834127740705431
0.25857959961868449
0.25881792183031460
0.25905624404194472
0.25929456625357483
0.25953288846520495
0.25977121067683506
0.26000953288846518
0.26024785510009535
0.26048617731172546
0.26072449952335558
0.26096282173498569
0.26120114394661581
0.26143946615824593
0.26167778836987610
0.26191611058150621
0.26215443279313633
0.26239275500476644
0.26263107721639656
0.26286939942802667
0.26310772163965679
0.26334604385128696
0.26358436606291707
0.26382268827454719
0.26406101048617731
0.26429933269780742
0.26453765490943754
0.26477597712106771
0.26501429933269782
0.26525262154432794
0.26549094375595805
0.26572926596758817
0.26596758817921828
0.26620591039084845
0.26644423260247857
0.26668255481410869
0.26692087702573880
0.26715919923736892
0.26739752144899903
0.26763584366062915
0.26787416587225932
0.26811248808388943
0.26835081029551955
0.26858913250714966
0.26882745471877978
0.26906577693040989
0.26930409914204007
0.26954242135367018
0.26978074356530030
0.27001906577693041
0.27025738798856053
0.27049571020019064
0.27073403241182076
0.27097235462345093
0.27121067683508104
0.27144899904671116
0.27168732125834127
0.27192564346997139
0.27216396568160151
0.27240228789323168
0.27264061010486179
0.27287893231649191
0.27311725452812202
0.27335557673975214
0.27359389895138225
0.27383222116301237
0.27407054337464254
0.27430886558627265
0.27454718779790277
0.27478551000953289
0.27502383222116300
0.27526215443279312
0.27550047664442329
0.27573879885605340
0.27597712106768352
0.27621544327931363
0.27645376549094375
0.27669208770257386
0.27693040991420398
0.27716873212583415
0.27740705433746427
0.27764537654909438
0.27788369876072450
0.27812202097235461
0.27836034318398473
0.27859866539561490
0.27883698760724501
0.27907530981887513
0.27931363203050524
0.27955195424213536
0.27979027645376547
0.28002859866539559
0.28026692087702576
0.28050524308865588
0.28074356530028599
0.28098188751191611
0.28122020972354622
0.28145853193517634
0.28169685414680651
0.28193517635843662
0.28217349857006674
0.28241182078169685
0.28265014299332697
0.28288846520495708
0.28312678741658720
0.28336510962821737
0.28360343183984749
0.28384175405147760
0.28408007626310772
0.28431839847473783
0.28455672068636795
0.28479504289799812
0.28503336510962823
0.28527168732125835
0.28551000953288846
0.28574833174451858
0.28598665395614870
0.28622497616777881
0.28646329837940898
0.28670162059103910
0.28693994280266921
0.28717826501429933
0.28741658722592944
0.28765490943755956
0.28789323164918973
0.28813155386081984
0.28836987607244996
0.28860819828408008
0.28884652049571019
0.28908484270734031
0.28932316491897042
0.28956148713060059
0.28979980934223071
0.29003813155386082
0.29027645376549094
0.29051477597712105
0.29075309818875117
0.29099142040038134
0.29122974261201146
0.29146806482364157
0.29170638703527169
0.29194470924690180
0.29218303145853192
0.29242135367016203
0.29265967588179220
0.29289799809342232
0.29313632030505243
0.29337464251668255
0.29361296472831266
0.29385128693994278
0.29408960915157295
0.29432793136320307
0.29456625357483318
0.29480457578646330
0.29504289799809341
0.29528122020972353
0.29551954242135364
0.29575786463298381
0.29599618684461393
0.29623450905624404
0.29647283126787416
0.29671115347950427
0.29694947569113439
0.29718779790276456
0.29742612011439468
0.29766444232602479
0.29790276453765491
0.29814108674928502
0.29837940896091514
0.29861773117254531
0.29885605338417542
0.29909437559580554
0.29933269780743565
0.29957102001906577
0.29980934223069589
0.30004766444232600
0.30028598665395617
0.30052430886558629
0.30076263107721640
0.30100095328884652
0.30123927550047663
0.30147759771210675
0.30171591992373692
0.30195424213536703
0.30219256434699715
0.30243088655862727
0.30266920877025738
0.30290753098188750
0.30314585319351761
0.30338417540514778
0.30362249761677790
0.30386081982840801
0.30409914204003813
0.30433746425166824
0.30457578646329836
0.30481410867492853
0.30505243088655865
0.30529075309818876
0.30552907530981888
0.30576739752144899
0.30600571973307911
0.30624404194470922
0.30648236415633939
0.30672068636796951
0.30695900857959962
0.30719733079122974
0.30743565300285985
0.30767397521448997
0.30791229742612014
0.30815061963775026
0.30838894184938037
0.30862726406101049
0.30886558627264060
0.30910390848427072
0.30934223069590083
0.30958055290753100
0.30981887511916112
0.31005719733079123
0.31029551954242135
0.31053384175405147
0.31077216396568158
0.31101048617731175
0.31124880838894187
0.31148713060057198
0.31172545281220210
0.31196377502383221
0.31220209723546233
0.31244041944709244
0.31267874165872261
0.31291706387035273
0.31315538608198284
0.31339370829361296
0.31363203050524308
0.31387035271687319
0.31410867492850336
0.31434699714013348
0.31458531935176359
0.31482364156339371
0.31506196377502382
0.31530028598665394
0.31553860819828405
0.31577693040991422
0.31601525262154434
0.31625357483317446
0.31649189704480457
0.31673021925643469
0.31696854146806480
0.31720686367969497
0.31744518589132509
0.31768350810295520
0.31792183031458532
0.31816015252621543
0.31839847473784555
0.31863679694947566
0.31887511916110584
0.31911344137273595
0.31935176358436607
0.31959008579599618
0.31982840800762630
0.32006673021925641
0.32030505243088658
0.32054337464251670
0.32078169685414681
0.32102001906577693
0.32125834127740704
0.32149666348903716
0.32173498570066728
0.32197330791229745
0.32221163012392756
0.32244995233555768
0.32268827454718779
0.32292659675881791
0.32316491897044802
0.32340324118207819
0.32364156339370831
0.32387988560533842
0.32411820781696854
0.32435653002859866
0.32459485224022877
0.32483317445185889
0.32507149666348906
0.32530981887511917
0.32554814108674929
0.32578646329837940
0.32602478551000952
0.32626310772163963
0.32650142993326980
0.32673975214489992
0.32697807435653004
0.32721639656816015
0.32745471877979027
0.32769304099142038
0.32793136320305050
0.32816968541468067
0.32840800762631078
0.32864632983794090
0.32888465204957101
0.32912297426120113
0.32936129647283124
0.32959961868446142
0.32983794089609153
0.33007626310772165
0.33031458531935176
0.33055290753098188
0.33079122974261199
0.33102955195424216
0.33126787416587228
0.33150619637750239
0.33174451858913251
0.33198284080076262
0.33222116301239274
0.33245948522402285
0.33269780743565303
0.33293612964728314
0.33317445185891326
0.33341277407054337
0.33365109628217349
0.33388941849380360
0.33412774070543377
0.33436606291706389
0.33460438512869400
0.33484270734032412
0.33508102955195423
0.33531935176358435
0.33555767397521447
0.33579599618684464
0.33603431839847475
0.33627264061010487
0.33651096282173498
0.33674928503336510
0.33698760724499521
0.33722592945662538
0.33746425166825550
0.33770257387988561
0.33794089609151573
0.33817921830314585
0.33841754051477596
0.33865586272640608
0.33889418493803625
0.33913250714966636
0.33937082936129648
0.33960915157292659
0.33984747378455671
0.34008579599618682
0.34032411820781699
0.34056244041944711
0.34080076263107723
0.34103908484270734
0.34127740705433746
0.34151572926596757
0.34175405147759769
0.34199237368922786
0.34223069590085797
0.34246901811248809
0.34270734032411820
0.34294566253574832
0.34318398474737843
0.34342230695900861
0.34366062917063872
0.34389895138226884
0.34413727359389895
0.34437559580552907
0.34461391801715918
0.34485224022878930
0.34509056244041947
0.34532888465204958
0.34556720686367970
0.34580552907530981
0.34604385128693993
0.34628217349857005
0.34652049571020022
0.34675881792183033
0.34699714013346045
0.34723546234509056
0.34747378455672068
0.34771210676835079
0.34795042897998091
0.34818875119161108
0.34842707340324119
0.34866539561487131
0.34890371782650142
0.34914204003813154
0.34938036224976166
0.34961868446139183
0.34985700667302194
0.35009532888465206
0.35033365109628217
0.35057197330791229
0.35081029551954240
0.35104861773117252
0.35128693994280269
0.35152526215443280
0.35176358436606292
0.35200190657769304
0.35224022878932315
0.35247855100095327
0.35271687321258344
0.35295519542421355
0.35319351763584367
0.35343183984747378
0.35367016205910390
0.35390848427073401
0.35414680648236413
0.35438512869399430
0.35462345090562442
0.35486177311725453
0.35510009532888465
0.35533841754051476
0.35557673975214488
0.35581506196377505
0.35605338417540516
0.35629170638703528
0.35653002859866539
0.35676835081029551
0.35700667302192562
0.35724499523355574
0.35748331744518591
0.35772163965681603
0.35795996186844614
0.35819828408007626
0.35843660629170637
0.35867492850333649
0.35891325071496666
0.35915157292659677
0.35938989513822689
0.35962821734985700
0.35986653956148712
0.36010486177311724
0.36034318398474741
0.36058150619637752
0.36081982840800764
0.36105815061963775
0.36129647283126787
0.36153479504289798
0.36177311725452810
0.36201143946615827
0.36224976167778838
0.36248808388941850
0.36272640610104862
0.36296472831267873
0.36320305052430885
0.36344137273593902
0.36367969494756913
0.36391801715919925
0.36415633937082936
0.36439466158245948
0.36463298379408959
0.36487130600571971
0.36510962821734988
0.36534795042898000
0.36558627264061011
0.36582459485224023
0.36606291706387034
0.36630123927550046
0.36653956148713063
0.36677788369876074
0.36701620591039086
0.36725452812202097
0.36749285033365109
0.36773117254528120
0.36796949475691132
0.36820781696854149
0.36844613918017161
0.36868446139180172
0.36892278360343184
0.36916110581506195
0.36939942802669207
0.36963775023832224
0.36987607244995235
0.37011439466158247
0.37035271687321258
0.37059103908484270
0.37082936129647281
0.37106768350810293
0.37130600571973310
0.37154432793136322
0.37178265014299333
0.37202097235462345
0.37225929456625356
0.37249761677788368
0.37273593898951385
0.37297426120114396
0.37321258341277408
0.37345090562440419
0.37368922783603431
0.37392755004766443
0.37416587225929454
0.37440419447092471
0.37464251668255483
0.37488083889418494
0.37511916110581506
0.37535748331744517
0.37559580552907529
0.37583412774070546
0.37607244995233557
0.37631077216396569
0.37654909437559581
0.37678741658722592
0.37702573879885604
0.37726406101048615
0.37750238322211632
0.37774070543374644
0.37797902764537655
0.37821734985700667
0.37845567206863678
0.37869399428026690
0.37893231649189707
0.37917063870352719
0.37940896091515730
0.37964728312678742
0.37988560533841753
0.38012392755004765
0.38036224976167776
0.38060057197330793
0.38083889418493805
0.38107721639656816
0.38131553860819828
0.38155386081982839
0.38179218303145851
0.38203050524308868
0.38226882745471880
0.38250714966634891
0.38274547187797903
0.38298379408960914
0.38322211630123926
0.38346043851286937
0.38369876072449954
0.38393708293612966
0.38417540514775977
0.38441372735938989
0.38465204957102000
0.38489037178265012
0.38512869399428029
0.38536701620591041
0.38560533841754052
0.38584366062917064
0.38608198284080075
0.38632030505243087
0.38655862726406098
0.38679694947569115
0.38703527168732127
0.38727359389895138
0.38751191611058150
0.38775023832221162
0.38798856053384173
0.38822688274547190
0.38846520495710202
0.38870352716873213
0.38894184938036225
0.38918017159199236
0.38941849380362248
0.38965681601525259
0.38989513822688276
0.39013346043851288
0.39037178265014300
0.39061010486177311
0.39084842707340323
0.39108674928503334
0.39132507149666351
0.39156339370829363
0.39180171591992374
0.39204003813155386
0.39227836034318397
0.39251668255481409
0.39275500476644426
0.39299332697807438
0.39323164918970449
0.39346997140133461
0.39370829361296472
0.39394661582459484
0.39418493803622495
0.39442326024785512
0.39466158245948524
0.39489990467111535
0.39513822688274547
0.39537654909437558
0.39561487130600570
0.39585319351763587
0.39609151572926599
0.39632983794089610
0.39656816015252622
0.39680648236415633
0.39704480457578645
0.39728312678741656
0.39752144899904673
0.39775977121067685
0.39799809342230696
0.39823641563393708
0.39847473784556720
0.39871306005719731
0.39895138226882748
0.39918970448045760
0.39942802669208771
0.39966634890371783
0.39990467111534794
0.40014299332697806
0.40038131553860817
0.40061963775023834
0.40085795996186846
0.40109628217349858
0.40133460438512869
0.40157292659675881
0.40181124880838892
0.40204957102001909
0.40228789323164921
0.40252621544327932
0.40276453765490944
0.40300285986653955
0.40324118207816967
0.40347950428979978
0.40371782650142995
0.40395614871306007
0.40419447092469019
0.40443279313632030
0.40467111534795042
0.40490943755958053
0.40514775977121070
0.40538608198284082
0.40562440419447093
0.40586272640610105
0.40610104861773116
0.40633937082936128
0.40657769304099139
0.40681601525262157
0.40705433746425168
0.40729265967588180
0.40753098188751191
0.40776930409914203
0.40800762631077214
0.40824594852240231
0.40848427073403243
0.40872259294566254
0.40896091515729266
0.40919923736892277
0.40943755958055289
0.40967588179218301
0.40991420400381318
0.41015252621544329
0.41039084842707341
0.41062917063870352
0.41086749285033364
0.41110581506196375
0.41134413727359392
0.41158245948522404
0.41182078169685415
0.41205910390848427
0.41229742612011439
0.41253574833174450
0.41277407054337462
0.41301239275500479
0.41325071496663490
0.41348903717826502
0.41372735938989513
0.41396568160152525
0.41420400381315536
0.41444232602478553
0.41468064823641565
0.41491897044804577
0.41515729265967588
0.41539561487130600
0.41563393708293611
0.41587225929456623
0.41611058150619640
0.41634890371782651
0.41658722592945663
0.41682554814108674
0.41706387035271686
0.41730219256434697
0.41754051477597715
0.41777883698760726
0.41801715919923738
0.41825548141086749
0.41849380362249761
0.41873212583412772
0.41897044804575784
0.41920877025738801
0.41944709246901812
0.41968541468064824
0.41992373689227835
0.42016205910390847
0.42040038131553858
0.42063870352716876
0.42087702573879887
0.42111534795042899
0.42135367016205910
0.42159199237368922
0.42183031458531933
0.42206863679694950
0.42230695900857962
0.42254528122020973
0.42278360343183985
0.42302192564346996
0.42326024785510008
0.42349857006673020
0.42373689227836037
0.42397521448999048
0.42421353670162060
0.42445185891325071
0.42469018112488083
0.42492850333651094
0.42516682554814111
0.42540514775977123
0.42564346997140134
0.42588179218303146
0.42612011439466158
0.42635843660629169
0.42659675881792181
0.42683508102955198
0.42707340324118209
0.42731172545281221
0.42755004766444232
0.42778836987607244
0.42802669208770255
0.42826501429933272
0.42850333651096284
0.42874165872259296
0.42897998093422307
0.42921830314585319
0.42945662535748330
0.42969494756911342
0.42993326978074359
0.43017159199237370
0.43040991420400382
0.43064823641563393
0.43088655862726405
0.43112488083889416
0.43136320305052434
0.43160152526215445
0.43183984747378457
0.43207816968541468
0.43231649189704480
0.43255481410867491
0.43279313632030503
0.43303145853193520
0.43326978074356531
0.43350810295519543
0.43374642516682554
0.43398474737845566
0.43422306959008578
0.43446139180171595
0.43469971401334606
0.43493803622497618
0.43517635843660629
0.43541468064823641
0.43565300285986652
0.43589132507149664
0.43612964728312681
0.43636796949475692
0.43660629170638704
0.43684461391801716
0.43708293612964727
0.43732125834127739
0.43755958055290756
0.43779790276453767
0.43803622497616779
0.43827454718779790
0.43851286939942802
0.43875119161105813
0.43898951382268825
0.43922783603431842
0.43946615824594853
0.43970448045757865
0.43994280266920877
0.44018112488083888
0.44041944709246900
0.44065776930409917
0.44089609151572928
0.44113441372735940
0.44137273593898951
0.44161105815061963
0.44184938036224974
0.44208770257387986
0.44232602478551003
0.44256434699714015
0.44280266920877026
0.44304099142040038
0.44327931363203049
0.44351763584366061
0.44375595805529078
0.44399428026692089
0.44423260247855101
0.44447092469018112
0.44470924690181124
0.44494756911344135
0.44518589132507147
0.44542421353670164
0.44566253574833176
0.44590085795996187
0.44613918017159199
0.44637750238322210
0.44661582459485222
0.44685414680648239
0.44709246901811250
0.44733079122974262
0.44756911344137273
0.44780743565300285
0.44804575786463297
0.44828408007626308
0.44852240228789325
0.44876072449952337
0.44899904671115348
0.44923736892278360
0.44947569113441371
0.44971401334604383
0.44995233555767400
0.45019065776930411
0.45042897998093423
0.45066730219256435
0.45090562440419446
0.45114394661582458
0.45138226882745469
0.45162059103908486
0.45185891325071498
0.45209723546234509
0.45233555767397521
0.45257387988560532
0.45281220209723544
0.45305052430886561
0.45328884652049573
0.45352716873212584
0.45376549094375596
0.45400381315538607
0.45424213536701619
0.45448045757864636
0.45471877979027647
0.45495710200190659
0.45519542421353670
0.45543374642516682
0.45567206863679693
0.45591039084842705
0.45614871306005722
0.45638703527168734
0.45662535748331745
0.45686367969494757
0.45710200190657768
0.45734032411820780
0.45757864632983797
0.45781696854146808
0.45805529075309820
0.45829361296472831
0.45853193517635843
0.45877025738798854
0.45900857959961866
0.45924690181124883
0.45948522402287895
0.45972354623450906
0.45996186844613918
0.46020019065776929
0.46043851286939941
0.46067683508102958
0.46091515729265969
0.46115347950428981
0.46139180171591992
0.46163012392755004
0.46186844613918016
0.46210676835081027
0.46234509056244044
0.46258341277407056
0.46282173498570067
0.46306005719733079
0.46329837940896090
0.46353670162059102
0.46377502383222119
0.46401334604385130
0.46425166825548142
0.46448999046711154
0.46472831267874165
0.46496663489037177
0.46520495710200188
0.46544327931363205
0.46568160152526217
0.46591992373689228
0.46615824594852240
0.46639656816015251
0.46663489037178263
0.46687321258341280
0.46711153479504292
0.46734985700667303
0.46758817921830315
0.46782650142993326
0.46806482364156338
0.46830314585319349
0.46854146806482366
0.46877979027645378
0.46901811248808389
0.46925643469971401
0.46949475691134412
0.46973307912297424
0.46997140133460441
0.47020972354623453
0.47044804575786464
0.47068636796949476
0.47092469018112487
0.47116301239275499
0.47140133460438510
0.47163965681601527
0.47187797902764539
0.47211630123927550
0.47235462345090562
0.47259294566253573
0.47283126787416585
0.47306959008579602
0.47330791229742614
0.47354623450905625
0.47378455672068637
0.47402287893231648
0.47426120114394660
0.47449952335557671
0.47473784556720688
0.47497616777883700
0.47521448999046711
0.47545281220209723
0.47569113441372735
0.47592945662535746
0.47616777883698763
0.47640610104861775
0.47664442326024786
0.47688274547187798
0.47712106768350809
0.47735938989513821
0.47759771210676832
0.47783603431839849
0.47807435653002861
0.47831267874165873
0.47855100095328884
0.47878932316491896
0.47902764537654907
0.47926596758817924
0.47950428979980936
0.47974261201143947
0.47998093422306959
0.48021925643469970
0.48045757864632982
0.48069590085795993
0.48093422306959011
0.48117254528122022
0.48141086749285034
0.48164918970448045
0.48188751191611057
0.48212583412774068
0.48236415633937085
0.48260247855100097
0.48284080076263108
0.48307912297426120
0.48331744518589131
0.48355576739752143
0.48379408960915155
0.48403241182078172
0.48427073403241183
0.48450905624404195
0.48474737845567206
0.48498570066730218
0.48522402287893229
0.48546234509056246
0.48570066730219258
0.48593898951382269
0.48617731172545281
0.48641563393708293
0.48665395614871304
0.48689227836034321
0.48713060057197333
0.48736892278360344
0.48760724499523356
0.48784556720686367
0.48808388941849379
0.48832221163012390
0.48856053384175407
0.48879885605338419
0.48903717826501431
0.48927550047664442
0.48951382268827454
0.48975214489990465
0.48999046711153482
0.49022878932316494
0.49046711153479505
0.49070543374642517
0.49094375595805528
0.49118207816968540
0.49142040038131551
0.49165872259294569
0.49189704480457580
0.49213536701620592
0.49237368922783603
0.49261201143946615
0.49285033365109626
0.49308865586272643
0.49332697807435655
0.49356530028598666
0.49380362249761678
0.49404194470924689
0.49428026692087701
0.49451858913250712
0.49475691134413730
0.49499523355576741
0.49523355576739753
0.49547187797902764
0.49571020019065776
0.49594852240228787
0.49618684461391804
0.49642516682554816
0.49666348903717827
0.49690181124880839
0.49714013346043850
0.49737845567206862
0.49761677788369874
0.49785510009532891
0.49809342230695902
0.49833174451858914
0.49857006673021925
0.49880838894184937
0.49904671115347948
0.49928503336510965
0.49952335557673977
0.49976167778836988
0.50000000000000000
0.50023832221163012
0.50047664442326023
0.50071496663489035
0.50095328884652046
0.50119161105815058
0.50142993326978069
0.50166825548141092
0.50190657769304103
0.50214489990467115
0.50238322211630126
0.50262154432793138
0.50285986653956150
0.50309818875119161
0.50333651096282173
0.50357483317445184
0.50381315538608196
0.50405147759771207
0.50428979980934219
0.50452812202097230
0.50476644423260253
0.50500476644423264
0.50524308865586276
0.50548141086749288
0.50571973307912299
0.50595805529075311
0.50619637750238322
0.50643469971401334
0.50667302192564345
0.50691134413727357
0.50714966634890368
0.50738798856053380
0.50762631077216391
0.50786463298379414
0.50810295519542426
0.50834127740705437
0.50857959961868449
0.50881792183031460
0.50905624404194472
0.50929456625357483
0.50953288846520495
0.50977121067683506
0.51000953288846518
0.51024785510009529
0.51048617731172541
0.51072449952335552
0.51096282173498575
0.51120114394661587
0.51143946615824598
0.51167778836987610
0.51191611058150621
0.51215443279313633
0.51239275500476644
0.51263107721639656
0.51286939942802667
0.51310772163965679
0.51334604385128690
0.51358436606291702
0.51382268827454713
0.51406101048617736
0.51429933269780748
0.51453765490943759
0.51477597712106771
0.51501429933269782
0.51525262154432794
0.51549094375595805
0.51572926596758817
0.51596758817921828
0.51620591039084840
0.51644423260247851
0.51668255481410863
0.51692087702573875
0.51715919923736897
0.51739752144899909
0.51763584366062920
0.51787416587225932
0.51811248808388943
0.51835081029551955
0.51858913250714966
0.51882745471877978
0.51906577693040989
0.51930409914204001
0.51954242135367013
0.51978074356530024
0.52001906577693036
0.52025738798856058
0.52049571020019070
0.52073403241182081
0.52097235462345093
0.52121067683508104
0.52144899904671116
0.52168732125834127
0.52192564346997139
0.52216396568160151
0.52240228789323162
0.52264061010486174
0.52287893231649185
0.52311725452812197
0.52335557673975219
0.52359389895138231
0.52383222116301242
0.52407054337464254
0.52430886558627265
0.52454718779790277
0.52478551000953289
0.52502383222116300
0.52526215443279312
0.52550047664442323
0.52573879885605335
0.52597712106768346
0.52621544327931358
0.52645376549094380
0.52669208770257392
0.52693040991420403
0.52716873212583415
0.52740705433746427
0.52764537654909438
0.52788369876072450
0.52812202097235461
0.52836034318398473
0.52859866539561484
0.52883698760724496
0.52907530981887507
0.52931363203050519
0.52955195424213541
0.52979027645376553
0.53002859866539564
0.53026692087702576
0.53050524308865588
0.53074356530028599
0.53098188751191611
0.53122020972354622
0.53145853193517634
0.53169685414680645
0.53193517635843657
0.53217349857006668
0.53241182078169691
0.53265014299332702
0.53288846520495714
0.53312678741658726
0.53336510962821737
0.53360343183984749
0.53384175405147760
0.53408007626310772
0.53431839847473783
0.53455672068636795
0.53479504289799806
0.53503336510962818
0.53527168732125829
0.53551000953288852
0.53574833174451864
0.53598665395614875
0.53622497616777887
0.53646329837940898
0.53670162059103910
0.53693994280266921
0.53717826501429933
0.53741658722592944
0.53765490943755956
0.53789323164918967
0.53813155386081979
0.53836987607244990
0.53860819828408013
0.53884652049571025
0.53908484270734036
0.53932316491897048
0.53956148713060059
0.53979980934223071
0.54003813155386082
0.54027645376549094
0.54051477597712105
0.54075309818875117
0.54099142040038128
0.54122974261201140
0.54146806482364152
0.54170638703527174
0.54194470924690186
0.54218303145853197
0.54242135367016209
0.54265967588179220
0.54289799809342232
0.54313632030505243
0.54337464251668255
0.54361296472831266
0.54385128693994278
0.54408960915157289
0.54432793136320301
0.54456625357483313
0.54480457578646335
0.54504289799809347
0.54528122020972358
0.54551954242135370
0.54575786463298381
0.54599618684461393
0.54623450905624404
0.54647283126787416
0.54671115347950427
0.54694947569113439
0.54718779790276451
0.54742612011439462
0.54766444232602474
0.54790276453765496
0.54814108674928508
0.54837940896091519
0.54861773117254531
0.54885605338417542
0.54909437559580554
0.54933269780743565
0.54957102001906577
0.54980934223069589
0.55004766444232600
0.55028598665395612
0.55052430886558623
0.55076263107721635
0.55100095328884657
0.55123927550047669
0.55147759771210680
0.55171591992373692
0.55195424213536703
0.55219256434699715
0.55243088655862727
0.55266920877025738
0.55290753098188750
0.55314585319351761
0.55338417540514773
0.55362249761677784
0.55386081982840796
0.55409914204003818
0.55433746425166830
0.55457578646329841
0.55481410867492853
0.55505243088655865
0.55529075309818876
0.55552907530981888
0.55576739752144899
0.55600571973307911
0.55624404194470922
0.55648236415633934
0.55672068636796945
0.55695900857959957
0.55719733079122979
0.55743565300285991
0.55767397521449003
0.55791229742612014
0.55815061963775026
0.55838894184938037
0.55862726406101049
0.55886558627264060
0.55910390848427072
0.55934223069590083
0.55958055290753095
0.55981887511916106
0.56005719733079118
0.56029551954242141
0.56053384175405152
0.56077216396568164
0.56101048617731175
0.56124880838894187
0.56148713060057198
0.56172545281220210
0.56196377502383221
0.56220209723546233
0.56244041944709244
0.56267874165872256
0.56291706387035267
0.56315538608198279
0.56339370829361302
0.56363203050524313
0.56387035271687325
0.56410867492850336
0.56434699714013348
0.56458531935176359
0.56482364156339371
0.56506196377502382
0.56530028598665394
0.56553860819828405
0.56577693040991417
0.56601525262154428
0.56625357483317440
0.56649189704480463
0.56673021925643474
0.56696854146806486
0.56720686367969497
0.56744518589132509
0.56768350810295520
0.56792183031458532
0.56816015252621543
0.56839847473784555
0.56863679694947566
0.56887511916110578
0.56911344137273590
0.56935176358436601
0.56959008579599624
0.56982840800762635
0.57006673021925647
0.57030505243088658
0.57054337464251670
0.57078169685414681
0.57102001906577693
0.57125834127740704
0.57149666348903716
0.57173498570066728
0.57197330791229739
0.57221163012392751
0.57244995233555762
0.57268827454718785
0.57292659675881796
0.57316491897044808
0.57340324118207819
0.57364156339370831
0.57387988560533842
0.57411820781696854
0.57435653002859866
0.57459485224022877
0.57483317445185889
0.57507149666348900
0.57530981887511912
0.57554814108674923
0.57578646329837946
0.57602478551000957
0.57626310772163969
0.57650142993326980
0.57673975214489992
0.57697807435653004
0.57721639656816015
0.57745471877979027
0.57769304099142038
0.57793136320305050
0.57816968541468061
0.57840800762631073
0.57864632983794084
0.57888465204957107
0.57912297426120118
0.57936129647283130
0.57959961868446142
0.57983794089609153
0.58007626310772165
0.58031458531935176
0.58055290753098188
0.58079122974261199
0.58102955195424211
0.58126787416587222
0.58150619637750234
0.58174451858913245
0.58198284080076268
0.58222116301239280
0.58245948522402291
0.58269780743565303
0.58293612964728314
0.58317445185891326
0.58341277407054337
0.58365109628217349
0.58388941849380360
0.58412774070543372
0.58436606291706383
0.58460438512869395
0.58484270734032406
0.58508102955195429
0.58531935176358441
0.58555767397521452
0.58579599618684464
0.58603431839847475
0.58627264061010487
0.58651096282173498
0.58674928503336510
0.58698760724499521
0.58722592945662533
0.58746425166825544
0.58770257387988556
0.58794089609151567
0.58817921830314590
0.58841754051477602
0.58865586272640613
0.58889418493803625
0.58913250714966636
0.58937082936129648
0.58960915157292659
0.58984747378455671
0.59008579599618682
0.59032411820781694
0.59056244041944705
0.59080076263107717
0.59103908484270729
0.59127740705433751
0.59151572926596763
0.59175405147759774
0.59199237368922786
0.59223069590085797
0.59246901811248809
0.59270734032411820
0.59294566253574832
0.59318398474737843
0.59342230695900855
0.59366062917063867
0.59389895138226878
0.59413727359389901
0.59437559580552912
0.59461391801715924
0.59485224022878935
0.59509056244041947
0.59532888465204958
0.59556720686367970
0.59580552907530981
0.59604385128693993
0.59628217349857005
0.59652049571020016
0.59675881792183028
0.59699714013346039
0.59723546234509062
0.59747378455672073
0.59771210676835085
0.59795042897998096
0.59818875119161108
0.59842707340324119
0.59866539561487131
0.59890371782650142
0.59914204003813154
0.59938036224976166
0.59961868446139177
0.59985700667302189
0.60009532888465200
0.60033365109628223
0.60057197330791234
0.60081029551954246
0.60104861773117257
0.60128693994280269
0.60152526215443280
0.60176358436606292
0.60200190657769304
0.60224022878932315
0.60247855100095327
0.60271687321258338
0.60295519542421350
0.60319351763584361
0.60343183984747384
0.60367016205910395
0.60390848427073407
0.60414680648236418
0.60438512869399430
0.60462345090562442
0.60486177311725453
0.60510009532888465
0.60533841754051476
0.60557673975214488
0.60581506196377499
0.60605338417540511
0.60629170638703522
0.60653002859866545
0.60676835081029556
0.60700667302192568
0.60724499523355580
0.60748331744518591
0.60772163965681603
0.60795996186844614
0.60819828408007626
0.60843660629170637
0.60867492850333649
0.60891325071496660
0.60915157292659672
0.60938989513822683
0.60962821734985706
0.60986653956148718
0.61010486177311729
0.61034318398474741
0.61058150619637752
0.61081982840800764
0.61105815061963775
0.61129647283126787
0.61153479504289798
0.61177311725452810
0.61201143946615821
0.61224976167778833
0.61248808388941844
0.61272640610104867
0.61296472831267879
0.61320305052430890
0.61344137273593902
0.61367969494756913
0.61391801715919925
0.61415633937082936
0.61439466158245948
0.61463298379408959
0.61487130600571971
0.61510962821734982
0.61534795042897994
0.61558627264061005
0.61582459485224028
0.61606291706387040
0.61630123927550051
0.61653956148713063
0.61677788369876074
0.61701620591039086
0.61725452812202097
0.61749285033365109
0.61773117254528120
0.61796949475691132
0.61820781696854143
0.61844613918017155
0.61868446139180167
0.61892278360343189
0.61916110581506201
0.61939942802669212
0.61963775023832224
0.61987607244995235
0.62011439466158247
0.62035271687321258
0.62059103908484270
0.62082936129647281
0.62106768350810293
0.62130600571973305
0.62154432793136316
0.62178265014299328
0.62202097235462350
0.62225929456625362
0.62249761677788373
0.62273593898951385
0.62297426120114396
0.62321258341277408
0.62345090562440419
0.62368922783603431
0.62392755004766443
0.62416587225929454
0.62440419447092466
0.62464251668255477
0.62488083889418489
0.62511916110581511
0.62535748331744523
0.62559580552907534
0.62583412774070546
0.62607244995233557
0.62631077216396569
0.62654909437559581
0.62678741658722592
0.62702573879885604
0.62726406101048615
0.62750238322211627
0.62774070543374638
0.62797902764537650
0.62821734985700672
0.62845567206863684
0.62869399428026695
0.62893231649189707
0.62917063870352719
0.62940896091515730
0.62964728312678742
0.62988560533841753
0.63012392755004765
0.63036224976167776
0.63060057197330788
0.63083889418493799
0.63107721639656811
0.63131553860819833
0.63155386081982845
0.63179218303145857
0.63203050524308868
0.63226882745471880
0.63250714966634891
0.63274547187797903
0.63298379408960914
0.63322211630123926
0.63346043851286937
0.63369876072449949
0.63393708293612960
0.63417540514775972
0.63441372735938995
0.63465204957102006
0.63489037178265018
0.63512869399428029
0.63536701620591041
0.63560533841754052
0.63584366062917064
0.63608198284080075
0.63632030505243087
0.63655862726406098
0.63679694947569110
0.63703527168732121
0.63727359389895133
0.63751191611058156
0.63775023832221167
0.63798856053384179
0.63822688274547190
0.63846520495710202
0.63870352716873213
0.63894184938036225
0.63918017159199236
0.63941849380362248
0.63965681601525259
0.63989513822688271
0.64013346043851282
0.64037178265014294
0.64061010486177317
0.64084842707340328
0.64108674928503340
0.64132507149666351
0.64156339370829363
0.64180171591992374
0.64204003813155386
0.64227836034318397
0.64251668255481409
0.64275500476644420
0.64299332697807432
0.64323164918970444
0.64346997140133455
0.64370829361296478
0.64394661582459489
0.64418493803622501
0.64442326024785512
0.64466158245948524
0.64489990467111535
0.64513822688274547
0.64537654909437558
0.64561487130600570
0.64585319351763582
0.64609151572926593
0.64632983794089605
0.64656816015252616
0.64680648236415639
0.64704480457578650
0.64728312678741662
0.64752144899904673
0.64775977121067685
0.64799809342230696
0.64823641563393708
0.64847473784556720
0.64871306005719731
0.64895138226882743
0.64918970448045754
0.64942802669208766
0.64966634890371777
0.64990467111534800
0.65014299332697811
0.65038131553860823
0.65061963775023834
0.65085795996186846
0.65109628217349858
0.65133460438512869
0.65157292659675881
0.65181124880838892
0.65204957102001904
0.65228789323164915
0.65252621544327927
0.65276453765490938
0.65300285986653961
0.65324118207816972
0.65347950428979984
0.65371782650142995
0.65395614871306007
0.65419447092469019
0.65443279313632030
0.65467111534795042
0.65490943755958053
0.65514775977121065
0.65538608198284076
0.65562440419447088
0.65586272640610099
0.65610104861773122
0.65633937082936133
0.65657769304099145
0.65681601525262157
0.65705433746425168
0.65729265967588180
0.65753098188751191
0.65776930409914203
0.65800762631077214
0.65824594852240226
0.65848427073403237
0.65872259294566249
0.65896091515729271
0.65919923736892283
0.65943755958055295
0.65967588179218306
0.65991420400381318
0.66015252621544329
0.66039084842707341
0.66062917063870352
0.66086749285033364
0.66110581506196375
0.66134413727359387
0.66158245948522398
0.66182078169685410
0.66205910390848433
0.66229742612011444
0.66253574833174456
0.66277407054337467
0.66301239275500479
0.66325071496663490
0.66348903717826502
0.66372735938989513
0.66396568160152525
0.66420400381315536
0.66444232602478548
0.66468064823641559
0.66491897044804571
0.66515729265967594
0.66539561487130605
0.66563393708293617
0.66587225929456628
0.66611058150619640
0.66634890371782651
0.66658722592945663
0.66682554814108674
0.66706387035271686
0.66730219256434697
0.66754051477597709
0.66777883698760720
0.66801715919923732
0.66825548141086755
0.66849380362249766
0.66873212583412778
0.66897044804575789
0.66920877025738801
0.66944709246901812
0.66968541468064824
0.66992373689227835
0.67016205910390847
0.67040038131553858
0.67063870352716870
0.67087702573879882
0.67111534795042893
0.67135367016205916
0.67159199237368927
0.67183031458531939
0.67206863679694950
0.67230695900857962
0.67254528122020973
0.67278360343183985
0.67302192564346996
0.67326024785510008
0.67349857006673020
0.67373689227836031
0.67397521448999043
0.67421353670162054
0.67445185891325077
0.67469018112488088
0.67492850333651100
0.67516682554814111
0.67540514775977123
0.67564346997140134
0.67588179218303146
0.67612011439466158
0.67635843660629169
0.67659675881792181
0.67683508102955192
0.67707340324118204
0.67731172545281215
0.67755004766444238
0.67778836987607249
0.67802669208770261
0.67826501429933272
0.67850333651096284
0.67874165872259296
0.67897998093422307
0.67921830314585319
0.67945662535748330
0.67969494756911342
0.67993326978074353
0.68017159199237365
0.68040991420400376
0.68064823641563399
0.68088655862726410
0.68112488083889422
0.68136320305052434
0.68160152526215445
0.68183984747378457
0.68207816968541468
0.68231649189704480
0.68255481410867491
0.68279313632030503
0.68303145853193514
0.68326978074356526
0.68350810295519537
0.68374642516682560
0.68398474737845572
0.68422306959008583
0.68446139180171595
0.68469971401334606
0.68493803622497618
0.68517635843660629
0.68541468064823641
0.68565300285986652
0.68589132507149664
0.68612964728312675
0.68636796949475687
0.68660629170638698
0.68684461391801721
0.68708293612964733
0.68732125834127744
0.68755958055290756
0.68779790276453767
0.68803622497616779
0.68827454718779790
0.68851286939942802
0.68875119161105813
0.68898951382268825
0.68922783603431836
0.68946615824594848
0.68970448045757859
0.68994280266920882
0.69018112488083894
0.69041944709246905
0.69065776930409917
0.69089609151572928
0.69113441372735940
0.69137273593898951
0.69161105815061963
0.69184938036224974
0.69208770257387986
0.69232602478550997
0.69256434699714009
0.69280266920877021
0.69304099142040043
0.69327931363203055
0.69351763584366066
0.69375595805529078
0.69399428026692089
0.69423260247855101
0.69447092469018112
0.69470924690181124
0.69494756911344135
0.69518589132507147
0.69542421353670159
0.69566253574833170
0.69590085795996182
0.69613918017159204
0.69637750238322216
0.69661582459485227
0.69685414680648239
0.69709246901811250
0.69733079122974262
0.69756911344137273
0.69780743565300285
0.69804575786463297
0.69828408007626308
0.69852240228789320
0.69876072449952331
0.69899904671115343
0.69923736892278365
0.69947569113441377
0.69971401334604388
0.69995233555767400
0.70019065776930411
0.70042897998093423
0.70066730219256435
0.70090562440419446
0.70114394661582458
0.70138226882745469
0.70162059103908481
0.70185891325071492
0.70209723546234504
0.70233555767397526
0.70257387988560538
0.70281220209723549
0.70305052430886561
0.70328884652049573
0.70352716873212584
0.70376549094375596
0.70400381315538607
0.70424213536701619
0.70448045757864630
0.70471877979027642
0.70495710200190653
0.70519542421353665
0.70543374642516687
0.70567206863679699
0.70591039084842711
0.70614871306005722
0.70638703527168734
0.70662535748331745
0.70686367969494757
0.70710200190657768
0.70734032411820780
0.70757864632983791
0.70781696854146803
0.70805529075309814
0.70829361296472826
0.70853193517635848
0.70877025738798860
0.70900857959961872
0.70924690181124883
0.70948522402287895
0.70972354623450906
0.70996186844613918
0.71020019065776929
0.71043851286939941
0.71067683508102952
0.71091515729265964
0.71115347950428975
0.71139180171591987
0.71163012392755010
0.71186844613918021
0.71210676835081033
0.71234509056244044
0.71258341277407056
0.71282173498570067
0.71306005719733079
0.71329837940896090
0.71353670162059102
0.71377502383222113
0.71401334604385125
0.71425166825548136
0.71448999046711148
0.71472831267874171
0.71496663489037182
0.71520495710200194
0.71544327931363205
0.71568160152526217
0.71591992373689228
0.71615824594852240
0.71639656816015251
0.71663489037178263
0.71687321258341274
0.71711153479504286
0.71734985700667298
0.71758817921830309
0.71782650142993332
0.71806482364156343
0.71830314585319355
0.71854146806482366
0.71877979027645378
0.71901811248808389
0.71925643469971401
0.71949475691134412
0.71973307912297424
0.71997140133460436
0.72020972354623447
0.72044804575786459
0.72068636796949481
0.72092469018112493
0.72116301239275504
0.72140133460438516
0.72163965681601527
0.72187797902764539
0.72211630123927550
0.72235462345090562
0.72259294566253573
0.72283126787416585
0.72306959008579597
0.72330791229742608
0.72354623450905620
0.72378455672068642
0.72402287893231654
0.72426120114394665
0.72449952335557677
0.72473784556720688
0.72497616777883700
0.72521448999046711
0.72545281220209723
0.72569113441372735
0.72592945662535746
0.72616777883698758
0.72640610104861769
0.72664442326024781
0.72688274547187803
0.72712106768350815
0.72735938989513826
0.72759771210676838
0.72783603431839849
0.72807435653002861
0.72831267874165873
0.72855100095328884
0.72878932316491896
0.72902764537654907
0.72926596758817919
0.72950428979980930
0.72974261201143942
0.72998093422306964
0.73021925643469976
0.73045757864632987
0.73069590085795999
0.73093422306959011
0.73117254528122022
0.73141086749285034
0.73164918970448045
0.73188751191611057
0.73212583412774068
0.73236415633937080
0.73260247855100091
0.73284080076263103
0.73307912297426125
0.73331744518589137
0.73355576739752149
0.73379408960915160
0.73403241182078172
0.73427073403241183
0.73450905624404195
0.73474737845567206
0.73498570066730218
0.73522402287893229
0.73546234509056241
0.73570066730219252
0.73593898951382264
0.73617731172545287
0.73641563393708298
0.73665395614871310
0.73689227836034321
0.73713060057197333
0.73736892278360344
0.73760724499523356
0.73784556720686367
0.73808388941849379
0.73832221163012390
0.73856053384175402
0.73879885605338413
0.73903717826501425
0.73927550047664448
0.73951382268827459
0.73975214489990471
0.73999046711153482
0.74022878932316494
0.74046711153479505
0.74070543374642517
0.74094375595805528
0.74118207816968540
0.74142040038131551
0.74165872259294563
0.74189704480457574
0.74213536701620586
0.74237368922783609
0.74261201143946620
0.74285033365109632
0.74308865586272643
0.74332697807435655
0.74356530028598666
0.74380362249761678
0.74404194470924689
0.74428026692087701
0.74451858913250712
0.74475691134413724
0.74499523355576736
0.74523355576739747
0.74547187797902770
0.74571020019065781
0.74594852240228793
0.74618684461391804
0.74642516682554816
0.74666348903717827
0.74690181124880839
0.74714013346043850
0.74737845567206862
0.74761677788369874
0.74785510009532885
0.74809342230695897
0.74833174451858908
0.74857006673021931
0.74880838894184942
0.74904671115347954
0.74928503336510965
0.74952335557673977
0.74976167778836988
0.75000000000000000
0.75023832221163012
0.75047664442326023
0.75071496663489035
0.75095328884652046
0.75119161105815058
0.75142993326978069
0.75166825548141092
0.75190657769304103
0.75214489990467115
0.75238322211630126
0.75262154432793138
0.75285986653956150
0.75309818875119161
0.75333651096282173
0.75357483317445184
0.75381315538608196
0.75405147759771207
0.75428979980934219
0.75452812202097230
0.75476644423260253
0.75500476644423264
0.75524308865586276
0.75548141086749288
0.75571973307912299
0.75595805529075311
0.75619637750238322
0.75643469971401334
0.75667302192564345
0.75691134413727357
0.75714966634890368
0.75738798856053380
0.75762631077216391
0.75786463298379414
0.75810295519542426
0.75834127740705437
0.75857959961868449
0.75881792183031460
0.75905624404194472
0.75929456625357483
0.75953288846520495
0.75977121067683506
0.76000953288846518
0.76024785510009529
0.76048617731172541
0.76072449952335552
0.76096282173498575
0.76120114394661587
0.76143946615824598
0.76167778836987610
0.76191611058150621
0.76215443279313633
0.76239275500476644
0.76263107721639656
0.76286939942802667
0.76310772163965679
0.76334604385128690
0.76358436606291702
0.76382268827454713
0.76406101048617736
0.76429933269780748
0.76453765490943759
0.76477597712106771
0.76501429933269782
0.76525262154432794
0.76549094375595805
0.76572926596758817
0.76596758817921828
0.76620591039084840
0.76644423260247851
0.76668255481410863
0.76692087702573875
0.76715919923736897
0.76739752144899909
0.76763584366062920
0.76787416587225932
0.76811248808388943
0.76835081029551955
0.76858913250714966
0.76882745471877978
0.76906577693040989
0.76930409914204001
0.76954242135367013
0.76978074356530024
0.77001906577693036
0.77025738798856058
0.77049571020019070
0.77073403241182081
0.77097235462345093
0.77121067683508104
0.77144899904671116
0.77168732125834127
0.77192564346997139
0.77216396568160151
0.77240228789323162
0.77264061010486174
0.77287893231649185
0.77311725452812197
0.77335557673975219
0.77359389895138231
0.77383222116301242
0.77407054337464254
0.77430886558627265
0.77454718779790277
0.77478551000953289
0.77502383222116300
0.77526215443279312
0.77550047664442323
0.77573879885605335
0.77597712106768346
0.77621544327931358
0.77645376549094380
0.77669208770257392
0.77693040991420403
0.77716873212583415
0.77740705433746427
0.77764537654909438
0.77788369876072450
0.77812202097235461
0.77836034318398473
0.77859866539561484
0.77883698760724496
0.77907530981887507
0.77931363203050519
0.77955195424213541
0.77979027645376553
0.78002859866539564
0.78026692087702576
0.78050524308865588
0.78074356530028599
0.78098188751191611
0.78122020972354622
0.78145853193517634
0.78169685414680645
0.78193517635843657
0.78217349857006668
0.78241182078169691
0.78265014299332702
0.78288846520495714
0.78312678741658726
0.78336510962821737
0.78360343183984749
0.78384175405147760
0.78408007626310772
0.78431839847473783
0.78455672068636795
0.78479504289799806
0.78503336510962818
0.78527168732125829
0.78551000953288852
0.78574833174451864
0.78598665395614875
0.78622497616777887
0.78646329837940898
0.78670162059103910
0.78693994280266921
0.78717826501429933
0.78741658722592944
0.78765490943755956
0.78789323164918967
0.78813155386081979
0.78836987607244990
0.78860819828408013
0.78884652049571025
0.78908484270734036
0.78932316491897048
0.78956148713060059
0.78979980934223071
0.79003813155386082
0.79027645376549094
0.79051477597712105
0.79075309818875117
0.79099142040038128
0.79122974261201140
0.79146806482364152
0.79170638703527174
0.79194470924690186
0.79218303145853197
0.79242135367016209
0.79265967588179220
0.79289799809342232
0.79313632030505243
0.79337464251668255
0.79361296472831266
0.79385128693994278
0.79408960915157289
0.79432793136320301
0.79456625357483313
0.79480457578646335
0.79504289799809347
0.79528122020972358
0.79551954242135370
0.79575786463298381
0.79599618684461393
0.79623450905624404
0.79647283126787416
0.79671115347950427
0.79694947569113439
0.79718779790276451
0.79742612011439462
0.79766444232602474
0.79790276453765496
0.79814108674928508
0.79837940896091519
0.79861773117254531
0.79885605338417542
0.79909437559580554
0.79933269780743565
0.79957102001906577
0.79980934223069589
0.80004766444232600
0.80028598665395612
0.80052430886558623
0.80076263107721635
0.80100095328884657
0.80123927550047669
0.80147759771210680
0.80171591992373692
0.80195424213536703
0.80219256434699715
0.80243088655862727
0.80266920877025738
0.80290753098188750
0.80314585319351761
0.80338417540514773
0.80362249761677784
0.80386081982840796
0.80409914204003818
0.80433746425166830
0.80457578646329841
0.80481410867492853
0.80505243088655865
0.80529075309818876
0.80552907530981888
0.80576739752144899
0.80600571973307911
0.80624404194470922
0.80648236415633934
0.80672068636796945
0.80695900857959957
0.80719733079122979
0.80743565300285991
0.80767397521449003
0.80791229742612014
0.80815061963775026
0.80838894184938037
0.80862726406101049
0.80886558627264060
0.80910390848427072
0.80934223069590083
0.80958055290753095
0.80981887511916106
0.81005719733079118
0.81029551954242141
0.81053384175405152
0.81077216396568164
0.81101048617731175
0.81124880838894187
0.81148713060057198
0.81172545281220210
0.81196377502383221
0.81220209723546233
0.81244041944709244
0.81267874165872256
0.81291706387035267
0.81315538608198279
0.81339370829361302
0.81363203050524313
0.81387035271687325
0.81410867492850336
0.81434699714013348
0.81458531935176359
0.81482364156339371
0.81506196377502382
0.81530028598665394
0.81553860819828405
0.81577693040991417
0.81601525262154428
0.81625357483317440
0.81649189704480463
0.81673021925643474
0.81696854146806486
0.81720686367969497
0.81744518589132509
0.81768350810295520
0.81792183031458532
0.81816015252621543
0.81839847473784555
0.81863679694947566
0.81887511916110578
0.81911344137273590
0.81935176358436601
0.81959008579599624
0.81982840800762635
0.82006673021925647
0.82030505243088658
0.82054337464251670
0.82078169685414681
0.82102001906577693
0.82125834127740704
0.82149666348903716
0.82173498570066728
0.82197330791229739
0.82221163012392751
0.82244995233555762
0.82268827454718785
0.82292659675881796
0.82316491897044808
0.82340324118207819
0.82364156339370831
0.82387988560533842
0.82411820781696854
0.82435653002859866
0.82459485224022877
0.82483317445185889
0.82507149666348900
0.82530981887511912
0.82554814108674923
0.82578646329837946
0.82602478551000957
0.82626310772163969
0.82650142993326980
0.82673975214489992
0.82697807435653004
0.82721639656816015
0.82745471877979027
0.82769304099142038
0.82793136320305050
0.82816968541468061
0.82840800762631073
0.82864632983794084
0.82888465204957107
0.82912297426120118
0.82936129647283130
0.82959961868446142
0.82983794089609153
0.83007626310772165
0.83031458531935176
0.83055290753098188
0.83079122974261199
0.83102955195424211
0.83126787416587222
0.83150619637750234
0.83174451858913245
0.83198284080076268
0.83222116301239280
0.83245948522402291
0.83269780743565303
0.83293612964728314
0.83317445185891326
0.83341277407054337
0.83365109628217349
0.83388941849380360
0.83412774070543372
0.83436606291706383
0.83460438512869395
0.83484270734032406
0.83508102955195429
0.83531935176358441
0.83555767397521452
0.83579599618684464
0.83603431839847475
0.83627264061010487
0.83651096282173498
0.83674928503336510
0.83698760724499521
0.83722592945662533
0.83746425166825544
0.83770257387988556
0.83794089609151567
0.83817921830314590
0.83841754051477602
0.83865586272640613
0.83889418493803625
0.83913250714966636
0.83937082936129648
0.83960915157292659
0.83984747378455671
0.84008579599618682
0.84032411820781694
0.84056244041944705
0.84080076263107717
0.84103908484270729
0.84127740705433751
0.84151572926596763
0.84175405147759774
0.84199237368922786
0.84223069590085797
0.84246901811248809
0.84270734032411820
0.84294566253574832
0.84318398474737843
0.84342230695900855
0.84366062917063867
0.84389895138226878
0.84413727359389901
0.84437559580552912
0.84461391801715924
0.84485224022878935
0.84509056244041947
0.84532888465204958
0.84556720686367970
0.84580552907530981
0.84604385128693993
0.84628217349857005
0.84652049571020016
0.84675881792183028
0.84699714013346039
0.84723546234509062
0.84747378455672073
0.84771210676835085
0.84795042897998096
0.84818875119161108
0.84842707340324119
0.84866539561487131
0.84890371782650142
0.84914204003813154
0.84938036224976166
0.84961868446139177
0.84985700667302189
0.85009532888465200
0.85033365109628223
0.85057197330791234
0.85081029551954246
0.85104861773117257
0.85128693994280269
0.85152526215443280
0.85176358436606292
0.85200190657769304
0.85224022878932315
0.85247855100095327
0.85271687321258338
0.85295519542421350
0.85319351763584361
0.85343183984747384
0.85367016205910395
0.85390848427073407
0.85414680648236418
0.85438512869399430
0.85462345090562442
0.85486177311725453
0.85510009532888465
0.85533841754051476
0.85557673975214488
0.85581506196377499
0.85605338417540511
0.85629170638703522
0.85653002859866545
0.85676835081029556
0.85700667302192568
0.85724499523355580
0.85748331744518591
0.85772163965681603
0.85795996186844614
0.85819828408007626
0.85843660629170637
0.85867492850333649
0.85891325071496660
0.85915157292659672
0.85938989513822683
0.85962821734985706
0.85986653956148718
0.86010486177311729
0.86034318398474741
0.86058150619637752
0.86081982840800764
0.86105815061963775
0.86129647283126787
0.86153479504289798
0.86177311725452810
0.86201143946615821
0.86224976167778833
0.86248808388941844
0.86272640610104867
0.86296472831267879
0.86320305052430890
0.86344137273593902
0.86367969494756913
0.86391801715919925
0.86415633937082936
0.86439466158245948
0.86463298379408959
0.86487130600571971
0.86510962821734982
0.86534795042897994
0.86558627264061005
0.86582459485224028
0.86606291706387040
0.86630123927550051
0.86653956148713063
0.86677788369876074
0.86701620591039086
0.86725452812202097
0.86749285033365109
0.86773117254528120
0.86796949475691132
0.86820781696854143
0.86844613918017155
0.86868446139180167
0.86892278360343189
0.86916110581506201
0.86939942802669212
0.86963775023832224
0.86987607244995235
0.87011439466158247
0.87035271687321258
0.87059103908484270
0.87082936129647281
0.87106768350810293
0.87130600571973305
0.87154432793136316
0.87178265014299328
0.87202097235462350
0.87225929456625362
0.87249761677788373
0.87273593898951385
0.87297426120114396
0.87321258341277408
0.87345090562440419
0.87368922783603431
0.87392755004766443
0.87416587225929454
0.87440419447092466
0.87464251668255477
0.87488083889418489
0.87511916110581511
0.87535748331744523
0.87559580552907534
0.87583412774070546
0.87607244995233557
0.87631077216396569
0.87654909437559581
0.87678741658722592
0.87702573879885604
0.87726406101048615
0.87750238322211627
0.87774070543374638
0.87797902764537650
0.87821734985700672
0.87845567206863684
0.87869399428026695
0.87893231649189707
0.87917063870352719
0.87940896091515730
0.87964728312678742
0.87988560533841753
0.88012392755004765
0.88036224976167776
0.88060057197330788
0.88083889418493799
0.88107721639656811
0.88131553860819833
0.88155386081982845
0.88179218303145857
0.88203050524308868
0.88226882745471880
0.88250714966634891
0.88274547187797903
0.88298379408960914
0.88322211630123926
0.88346043851286937
0.88369876072449949
0.88393708293612960
0.88417540514775972
0.88441372735938995
0.88465204957102006
0.88489037178265018
0.88512869399428029
0.88536701620591041
0.88560533841754052
0.88584366062917064
0.88608198284080075
0.88632030505243087
0.88655862726406098
0.88679694947569110
0.88703527168732121
0.88727359389895133
0.88751191611058156
0.88775023832221167
0.88798856053384179
0.88822688274547190
0.88846520495710202
0.88870352716873213
0.88894184938036225
0.88918017159199236
0.88941849380362248
0.88965681601525259
0.88989513822688271
0.89013346043851282
0.89037178265014294
0.89061010486177317
0.89084842707340328
0.89108674928503340
0.89132507149666351
0.89156339370829363
0.89180171591992374
0.89204003813155386
0.89227836034318397
0.89251668255481409
0.89275500476644420
0.89299332697807432
0.89323164918970444
0.89346997140133455
0.89370829361296478
0.89394661582459489
0.89418493803622501
0.89442326024785512
0.89466158245948524
0.89489990467111535
0.89513822688274547
0.89537654909437558
0.89561487130600570
0.89585319351763582
0.89609151572926593
0.89632983794089605
0.89656816015252616
0.89680648236415639
0.89704480457578650
0.89728312678741662
0.89752144899904673
0.89775977121067685
0.89799809342230696
0.89823641563393708
0.89847473784556720
0.89871306005719731
0.89895138226882743
0.89918970448045754
0.89942802669208766
0.89966634890371777
0.89990467111534800
0.90014299332697811
0.90038131553860823
0.90061963775023834
0.90085795996186846
0.90109628217349858
0.90133460438512869
0.90157292659675881
0.90181124880838892
0.90204957102001904
0.90228789323164915
0.90252621544327927
0.90276453765490938
0.90300285986653961
0.90324118207816972
0.90347950428979984
0.90371782650142995
0.90395614871306007
0.90419447092469019
0.90443279313632030
0.90467111534795042
0.90490943755958053
0.90514775977121065
0.90538608198284076
0.90562440419447088
0.90586272640610099
0.90610104861773122
0.90633937082936133
0.90657769304099145
0.90681601525262157
0.90705433746425168
0.90729265967588180
0.90753098188751191
0.90776930409914203
0.90800762631077214
0.90824594852240226
0.90848427073403237
0.90872259294566249
0.90896091515729271
0.90919923736892283
0.90943755958055295
0.90967588179218306
0.90991420400381318
0.91015252621544329
0.91039084842707341
0.91062917063870352
0.91086749285033364
0.91110581506196375
0.91134413727359387
0.91158245948522398
0.91182078169685410
0.91205910390848433
0.91229742612011444
0.91253574833174456
0.91277407054337467
0.91301239275500479
0.91325071496663490
0.91348903717826502
0.91372735938989513
0.91396568160152525
0.91420400381315536
0.91444232602478548
0.91468064823641559
0.91491897044804571
0.91515729265967594
0.91539561487130605
0.91563393708293617
0.91587225929456628
0.91611058150619640
0.91634890371782651
0.91658722592945663
0.91682554814108674
0.91706387035271686
0.91730219256434697
0.91754051477597709
0.91777883698760720
0.91801715919923732
0.91825548141086755
0.91849380362249766
0.91873212583412778
0.91897044804575789
0.91920877025738801
0.91944709246901812
0.91968541468064824
0.91992373689227835
0.92016205910390847
0.92040038131553858
0.92063870352716870
0.92087702573879882
0.92111534795042893
0.92135367016205916
0.92159199237368927
0.92183031458531939
0.92206863679694950
0.92230695900857962
0.92254528122020973
0.92278360343183985
0.92302192564346996
0.92326024785510008
0.92349857006673020
0.92373689227836031
0.92397521448999043
0.92421353670162054
0.92445185891325077
0.92469018112488088
0.92492850333651100
0.92516682554814111
0.92540514775977123
0.92564346997140134
0.92588179218303146
0.92612011439466158
0.92635843660629169
0.92659675881792181
0.92683508102955192
0.92707340324118204
0.92731172545281215
0.92755004766444238
0.92778836987607249
0.92802669208770261
0.92826501429933272
0.92850333651096284
0.92874165872259296
0.92897998093422307
0.92921830314585319
0.92945662535748330
0.92969494756911342
0.92993326978074353
0.93017159199237365
0.93040991420400376
0.93064823641563399
0.93088655862726410
0.93112488083889422
0.93136320305052434
0.93160152526215445
0.93183984747378457
0.93207816968541468
0.93231649189704480
0.93255481410867491
0.93279313632030503
0.93303145853193514
0.93326978074356526
0.93350810295519537
0.93374642516682560
0.93398474737845572
0.93422306959008583
0.93446139180171595
0.93469971401334606
0.93493803622497618
0.93517635843660629
0.93541468064823641
0.93565300285986652
0.93589132507149664
0.93612964728312675
0.93636796949475687
0.93660629170638698
0.93684461391801721
0.93708293612964733
0.93732125834127744
0.93755958055290756
0.93779790276453767
0.93803622497616779
0.93827454718779790
0.93851286939942802
0.93875119161105813
0.93898951382268825
0.93922783603431836
0.93946615824594848
0.93970448045757859
0.93994280266920882
0.94018112488083894
0.94041944709246905
0.94065776930409917
0.94089609151572928
0.94113441372735940
0.94137273593898951
0.94161105815061963
0.94184938036224974
0.94208770257387986
0.94232602478550997
0.94256434699714009
0.94280266920877021
0.94304099142040043
0.94327931363203055
0.94351763584366066
0.94375595805529078
0.94399428026692089
0.94423260247855101
0.94447092469018112
0.94470924690181124
0.94494756911344135
0.94518589132507147
0.94542421353670159
0.94566253574833170
0.94590085795996182
0.94613918017159204
0.94637750238322216
0.94661582459485227
0.94685414680648239
0.94709246901811250
0.94733079122974262
0.94756911344137273
0.94780743565300285
0.94804575786463297
0.94828408007626308
0.94852240228789320
0.94876072449952331
0.94899904671115343
0.94923736892278365
0.94947569113441377
0.94971401334604388
0.94995233555767400
0.95019065776930411
0.95042897998093423
0.95066730219256435
0.95090562440419446
0.95114394661582458
0.95138226882745469
0.95162059103908481
0.95185891325071492
0.95209723546234504
0.95233555767397526
0.95257387988560538
0.95281220209723549
0.95305052430886561
0.95328884652049573
0.95352716873212584
0.95376549094375596
0.95400381315538607
0.95424213536701619
0.95448045757864630
0.95471877979027642
0.95495710200190653
0.95519542421353665
0.95543374642516687
0.95567206863679699
0.95591039084842711
0.95614871306005722
0.95638703527168734
0.95662535748331745
0.95686367969494757
0.95710200190657768
0.95734032411820780
0.95757864632983791
0.95781696854146803
0.95805529075309814
0.95829361296472826
0.95853193517635848
0.95877025738798860
0.95900857959961872
0.95924690181124883
0.95948522402287895
0.95972354623450906
0.95996186844613918
0.96020019065776929
0.96043851286939941
0.96067683508102952
0.96091515729265964
0.96115347950428975
0.96139180171591987
0.96163012392755010
0.96186844613918021
0.96210676835081033
0.96234509056244044
0.96258341277407056
0.96282173498570067
0.96306005719733079
0.96329837940896090
0.96353670162059102
0.96377502383222113
0.96401334604385125
0.96425166825548136
0.96448999046711148
0.96472831267874171
0.96496663489037182
0.96520495710200194
0.96544327931363205
0.96568160152526217
0.96591992373689228
0.96615824594852240
0.96639656816015251
0.96663489037178263
0.96687321258341274
0.96711153479504286
0.96734985700667298
0.96758817921830309
0.96782650142993332
0.96806482364156343
0.96830314585319355
0.96854146806482366
0.96877979027645378
0.96901811248808389
0.96925643469971401
0.96949475691134412
0.96973307912297424
0.96997140133460436
0.97020972354623447
0.97044804575786459
0.97068636796949481
0.97092469018112493
0.97116301239275504
0.97140133460438516
0.97163965681601527
0.97187797902764539
0.97211630123927550
0.97235462345090562
0.97259294566253573
0.97283126787416585
0.97306959008579597
0.97330791229742608
0.97354623450905620
0.97378455672068642
0.97402287893231654
0.97426120114394665
0.97449952335557677
0.97473784556720688
0.97497616777883700
0.97521448999046711
0.97545281220209723
0.97569113441372735
0.97592945662535746
