4681
4728
4722
503
497
4338
4332
113
107
4726
4724
4598
4592
4468
4462
501
499
373
367
243
237
4727
4723
502
498
4403
4397
178
172
4336
4334
111
109
4663
4657
438
432
4596
4594
4466
4464
371
369
241
239
4662
4597
4661
4593
4658
4659
437
372
436
368
433
434
4337
4333
112
108
4725
4595
4660
500
370
435
4467
4401
4402
4463
4398
4399
242
176
177
238
173
174
4465
4335
4400
240
110
175
8573
8571
8572
306
302
303
304
305
307
308
8507
4527
4528
4529
4530
4531
4532
4533
8472
8473
8474
8505
8506
8538
8539
8540
4720
4714
495
489
4330
4324
105
99
4718
4716
4590
4584
4460
4454
493
491
365
359
235
229
4719
4715
494
490
4395
4389
170
164
4328
4326
103
101
4655
4649
430
424
4588
4586
4458
4456
363
361
233
231
4654
4589
4653
4585
4650
4651
429
364
428
360
425
426
4329
4325
104
100
4717
4587
4652
492
362
427
4459
4393
4394
4455
4390
4391
234
168
169
230
165
166
4457
4327
4392
232
102
167
8569
8567
8568
298
294
295
296
297
299
300
8503
4519
4520
4521
4522
4523
4524
4525
8468
8469
8470
8501
8502
8534
8535
8536
4331
106
171
301
4526
8471
4591
366
8504
4721
431
8570
4656
4461
236
496
4396
8537
651
5378
5374
4858
4854
1153
1149
633
629
5376
5248
5244
5118
5114
4988
4984
4856
1151
1023
1019
893
889
763
759
631
5377
5309
4923
4919
1152
1084
698
694
5313
5179
5053
4855
1088
954
828
630
5246
5116
4986
1021
891
761
5312
5247
5311
4985
4920
4921
1087
1022
1086
760
695
696
5375
5245
5310
4857
4922
4987
1150
1020
1085
632
697
762
5115
5180
5181
890
955
956
5117
5049
5050
5051
5052
5182
5183
892
824
825
826
827
957
958
8639
8638
8671
8672
8704
8705
8737
8738
1106
1147
1139
627
619
1145
1143
1141
1017
1009
887
879
757
749
625
623
621
1146
1140
692
684
1144
1074
822
814
624
1015
1013
1011
885
883
881
755
753
751
1010
1075
1076
1082
620
1016
1080
1081
686
685
750
1014
1078
1079
816
815
880
1012
1077
1142
946
944
945
626
884
754
950
882
947
948
949
691
688
689
690
756
886
622
687
752
817
818
819
820
821
951
952
4206
1366
5372
5364
4852
4844
5370
5368
5366
5242
5234
5112
5104
4982
4974
4850
4848
4846
5371
5365
4917
4909
5369
5299
5047
5039
4849
5240
5238
5236
5110
5108
5106
4980
4978
4976
5235
5300
5301
5307
4845
5241
5305
5306
4911
4910
4975
5239
5303
5304
5041
5040
5105
5237
5302
5367
5171
5169
5170
4851
5109
4979
5175
5107
5172
5173
5174
4916
4913
4914
4915
4981
5111
4847
4912
4977
5042
5043
5044
5045
5046
5176
5177
8669
8667
8636
8701
8635
8699
8666
8700
8633
8733
8735
8734
8702
8668
8634
8732
8637
823
8736
4983
8670
628
693
953
5308
5243
758
1018
1148
1083
8703
4853
5048
888
5373
4918
5178
5113
562
8600
4783
4779
4781
4780
560
4788
4782
8606
4786
4793
556
568
4790
4792
8603
4787
4784
561
8602
565
8601
567
555
558
554
4789
4791
8605
564
8604
557
563
4785
566
559
5386
5380
5256
5250
1161
1155
1031
1025
5321
5315
1096
1090
5384
5382
5254
5252
1159
1157
1029
1027
5385
5381
1160
1156
5255
5319
5320
5251
5316
5317
1030
1094
1095
1026
1091
1092
5253
5318
5383
1028
1093
1158
8742
8740
8741
5126
5120
4866
4860
901
895
641
635
5124
5122
4996
4990
4864
4862
899
897
771
765
639
637
5125
5121
4931
4925
900
896
706
700
5123
4865
4861
898
640
636
4994
4992
769
767
4930
4929
4995
4991
4926
4927
705
704
770
766
701
702
5061
5059
5060
836
834
835
5055
4863
4928
4993
5056
5057
5058
830
638
703
768
831
832
833
8641
8642
8643
8674
8675
8676
966
5187
5186
8709
5185
960
961
8708
964
5190
5189
962
963
8707
5188
5191
965
5128
4868
903
643
5134
4874
909
649
5132
5130
4998
4872
4870
907
905
773
647
645
5129
4933
904
708
5133
4873
908
648
5004
779
5063
838
4871
646
5002
5000
777
775
4999
5064
5065
774
839
840
5069
844
4869
4934
4935
644
709
710
5067
5003
5068
842
778
843
5001
4936
4937
4938
4939
5066
5131
776
711
712
713
714
841
906
8678
8645
8646
8647
8648
8679
8680
8681
5388
5258
1163
1033
5394
5264
1169
1039
5323
1098
5329
1104
5392
5390
5262
5260
1167
1165
1037
1035
8747
5389
1164
5327
1102
5259
5324
5325
1034
1099
1100
5261
5326
5391
1036
1101
1166
5393
5263
5328
1168
1038
1103
8744
8745
8746
974
5194
5198
969
5197
5196
972
5199
968
8714
973
8712
8713
8711
970
5195
971
5193
5387
8743
4997
5322
5257
5192
1032
5127
642
707
837
4867
1097
902
8644
772
4932
8677
1162
967
5062
8710
846
57
56
4738
513
4744
4348
519
123
4742
4740
4608
4478
4354
517
515
383
253
129
4739
514
4743
4413
518
188
4614
4484
4352
4350
389
259
127
125
8483
4673
448
4612
4610
4482
4480
387
385
257
255
4679
4349
454
124
4609
4674
4675
384
449
450
4677
4613
4678
4479
4414
4415
452
388
453
254
189
190
194
4419
8516
4611
4676
4741
386
451
516
4417
192
8579
8580
8581
8582
4351
4416
4481
126
191
256
4353
4418
4483
320
318
319
321
322
4545
128
193
258
323
324
4543
4544
4546
4547
4548
4549
8480
8481
8482
8513
8514
8515
8546
8547
8548
8549
8442
8416
5915
5850
845
4736
4730
511
505
4346
4340
121
115
4734
4732
4606
4600
4476
4470
509
507
381
375
251
245
4735
4731
510
506
4411
4405
186
180
4344
4342
119
117
4671
4665
446
440
4604
4602
4474
4472
379
377
249
247
4670
4605
4669
4601
4666
4667
445
380
444
376
441
442
4345
4341
120
116
4733
4603
4668
508
378
443
4475
4409
4410
4471
4406
4407
250
184
185
246
181
182
4473
4343
4408
248
118
183
8577
8575
8576
314
310
311
312
313
315
316
8511
4535
4536
4537
4538
4539
4540
4541
8476
8477
8478
8509
8510
8542
8543
8544
4477
4542
382
317
4737
512
4347
252
447
4607
8512
8578
122
187
4672
8479
8545
4412
4795
4807
8614
4809
4808
578
577
574
4803
4799
4800
4802
572
580
8612
8610
8609
4796
582
579
8615
4797
571
581
583
576
4805
4806
4798
575
8611
573
4801
8613
8608
584
570
4804
1089
4664
8640
634
4534
8706
4989
8574
439
8607
764
8673
4924
959
4859
5119
1154
309
5054
4404
4794
5184
699
829
569
8739
5379
5249
894
1024
374
179
4729
4339
504
244
8475
114
8541
5314
8508
4469
4599
6428
6038
2203
1813
6434
6044
2209
1819
6432
6430
6298
6168
6042
6040
2207
2205
2073
1943
1817
1815
6429
6103
2204
1878
6433
6043
2208
1818
6304
6174
2079
1949
6363
6039
2138
1814
6302
6300
6172
6170
2077
2075
1947
1945
6299
6364
6365
6169
6104
6105
2074
2139
2140
1944
1879
1880
6369
6109
2144
1884
6233
6234
6235
2008
2009
2010
6367
6303
6368
6107
6108
6173
2142
2078
2143
1882
1883
1948
6237
6238
6239
2012
2013
2014
9008
8942
8975
2076
1816
1881
1946
2011
2141
2206
9011
6041
6106
6171
6236
6301
6366
6431
8943
8944
8945
8976
8977
8978
9009
9010
5908
5518
1683
1293
5914
5524
1689
1299
5912
5910
5778
5648
5522
5520
1687
1685
1553
1423
1297
1295
5909
5583
1684
1358
5913
5523
1688
1298
5784
5654
1559
1429
5843
5519
1618
1294
5782
5780
5652
5650
1557
1555
1427
1425
5779
5844
5845
5649
5584
5585
1554
1619
1620
1424
1359
1360
5849
5589
1624
1364
5713
5714
5715
1488
1489
1490
5847
5783
5848
5587
5588
5653
1622
1558
1623
1362
1363
1428
5717
5718
5719
1492
1493
1494
8876
8810
8843
1556
1296
1361
1426
1491
1621
1686
8879
5521
5586
5651
5716
5781
5846
5911
8811
8812
8813
8844
8845
8846
8877
8878
1748
5975
5974
8912
1749
1750
5973
1754
5979
5977
5976
5978
8910
8909
1753
8911
1752
1751
8438
1626
5906
5900
5516
5510
1681
1675
1291
1285
5904
5902
5776
5770
5646
5640
5514
5512
1679
1677
1551
1545
1421
1415
1289
1287
5905
5901
5581
5575
1680
1676
1356
1350
5841
5835
5515
5511
1616
1610
1290
1286
5774
5772
5644
5642
1549
1547
1419
1417
5840
5775
5839
5771
5836
5837
5580
5579
5645
5641
5576
5577
1615
1550
1614
1546
1611
1612
1355
1354
1420
1416
1351
1352
5903
5773
5838
5513
5578
5643
1678
1548
1613
1288
1353
1418
5711
5705
5706
5707
5708
5709
5710
1486
1480
1481
1482
1483
1484
1485
8874
8806
8807
8808
8839
8840
8841
8872
8873
6426
6420
6036
6030
2201
2195
1811
1805
6424
6422
6296
6290
6166
6160
6034
6032
2199
2197
2071
2065
1941
1935
1809
1807
6425
6421
6101
6095
2200
2196
1876
1870
6361
6355
6035
6031
2136
2130
1810
1806
6294
6292
6164
6162
2069
2067
1939
1937
6360
6295
6359
6291
6356
6357
6100
6099
6165
6161
6096
6097
2135
2070
2134
2066
2131
2132
1875
1874
1940
1936
1871
1872
6423
6293
6358
6033
6098
6163
2198
2068
2133
1808
1873
1938
6231
6225
6226
6227
6228
6229
6230
2006
2000
2001
2002
2003
2004
2005
9006
8938
8939
8940
8971
8972
8973
9004
9005
1746
5969
5968
5966
8906
1745
1741
8905
5970
5967
5971
1740
5965
1743
8907
1742
1744
6297
8908
1422
5582
9007
8809
1292
1877
2137
5907
6362
5647
5517
1617
1747
6167
6102
1552
1812
8941
2072
2007
2202
1487
5842
1942
6037
5777
8974
1357
8842
6427
5712
5972
8875
6232
1682
6418
6412
6028
6022
2193
2187
1803
1797
6416
6414
6288
6282
6158
6152
6026
6024
2191
2189
2063
2057
1933
1927
1801
1799
6417
6413
6093
6087
2192
2188
1868
1862
6353
6347
6027
6023
2128
2122
1802
1798
6286
6284
6156
6154
2061
2059
1931
1929
6352
6287
6351
6283
6348
6349
6092
6091
6157
6153
6088
6089
2127
2062
2126
2058
2123
2124
1867
1866
1932
1928
1863
1864
6415
6285
6350
6025
6090
6155
2190
2060
2125
1800
1865
1930
6223
6217
6218
6219
6220
6221
6222
1998
1992
1993
1994
1995
1996
1997
9002
8934
8935
8936
8967
8968
8969
9000
9001
6410
6404
6020
6014
2185
2179
1795
1789
6408
6406
6280
6274
6150
6144
6018
6016
2183
2181
2055
2049
1925
1919
1793
1791
6409
6405
6085
6079
2184
2180
1860
1854
6345
6339
6019
6015
2120
2114
1794
1790
6278
6276
6148
6146
2053
2051
1923
1921
6344
6279
6343
6275
6340
6341
6084
6083
6149
6145
6080
6081
2119
2054
2118
2050
2115
2116
1859
1858
1924
1920
1855
1856
6407
6277
6342
6017
6082
6147
2182
2052
2117
1792
1857
1922
6215
6209
6210
6211
6212
6213
6214
1990
1984
1985
1986
1987
1988
1989
8998
8930
8931
8932
8963
8964
8965
8996
8997
1926
2186
6086
1861
1796
6346
6411
2121
8999
6281
8933
6021
8966
6151
1991
2056
6216
5785
5266
4179
1365
455
261
5890
5884
5500
5494
1665
1659
1275
1269
5888
5886
5760
5754
5630
5624
5498
5496
1663
1661
1535
1529
1405
1399
1273
1271
5889
5885
5565
5559
1664
1660
1340
1334
5825
5819
5499
5495
1600
1594
1274
1270
5758
5756
5628
5626
1533
1531
1403
1401
5824
5759
5823
5755
5820
5821
5564
5563
5629
5625
5560
5561
1599
1534
1598
1530
1595
1596
1339
1338
1404
1400
1335
1336
5887
5757
5822
5497
5562
5627
1662
1532
1597
1272
1337
1402
5695
5689
5690
5691
5692
5693
5694
1470
1464
1465
1466
1467
1468
1469
8866
8798
8799
8800
8831
8832
8833
8864
8865
66
5898
5892
5508
5502
1673
1667
1283
1277
5896
5894
5768
5762
5638
5632
5506
5504
1671
1669
1543
1537
1413
1407
1281
1279
5897
5893
5573
5567
1672
1668
1348
1342
5833
5827
5507
5503
1608
1602
1282
1278
5766
5764
5636
5634
1541
1539
1411
1409
5832
5767
5831
5763
5828
5829
5572
5571
5637
5633
5568
5569
1607
1542
1606
1538
1603
1604
1347
1346
1412
1408
1343
1344
5895
5765
5830
5505
5570
5635
1670
1540
1605
1280
1345
1410
5703
5697
5698
5699
5700
5701
5702
1478
1472
1473
1474
1475
1476
1477
8870
8802
8803
8804
8835
8836
8837
8868
8869
1666
8834
1276
5826
8867
5761
5566
5696
5891
5631
1471
1341
5501
1601
1536
8801
1406
1737
8897
8902
5957
5956
1729
5954
5953
5952
5950
5955
1724
1733
5958
1731
5960
8900
5951
5949
1735
8901
1736
5962
8903
1738
1727
1730
1725
1726
8899
8898
1728
5961
5963
5959
1734
1732
1349
8970
1544
8838
5899
1674
5639
1284
1869
8904
8937
9003
5964
2064
1999
2129
6029
1804
5769
6224
6354
6419
5834
6289
1739
6094
8871
1479
5509
8805
1609
1414
6159
5704
1934
2194
5574
1234
5454
5456
1204
1228
5457
5451
5455
1217
8776
5446
5448
5444
5449
5447
5442
8766
5440
5432
8769
8765
5443
8768
1215
1206
5437
1208
1218
5431
8779
1227
1230
5450
5452
8771
8772
1211
1231
5458
8780
5435
8770
5436
1233
8778
8777
5459
1226
1229
8775
5430
8774
1209
8773
1205
1219
1221
1220
5433
5439
5445
1216
5441
1212
1222
5434
5438
1210
1225
1207
1223
1213
8767
1224
1232
1214
5453
5429
6566
911
26
4558
333
4552
4298
327
73
8451
4556
4554
4428
331
329
203
4557
332
4553
4363
328
138
4422
4296
4294
197
71
69
4292
67
4555
330
4426
4424
201
199
4297
72
4427
4361
4362
202
136
137
132
4357
8484
4491
4492
4493
266
267
268
4359
134
4295
4360
4425
4489
4490
70
135
200
264
265
8520
8453
8454
8486
8487
8519
4487
68
133
198
262
263
4293
4358
4423
4488
8452
8485
8517
8518
5071
4289
4184
4178
4176
4168
2210
5078
4688
853
463
5072
4682
847
457
5076
5074
4948
4818
4686
4684
851
849
723
593
461
459
5077
4753
852
528
5073
4683
848
458
4942
4812
717
587
5013
4687
788
462
4946
4944
4816
4814
721
719
591
589
5012
4947
5011
4752
4751
4817
787
722
786
527
526
592
5007
4747
782
522
4883
4881
4882
658
656
657
5009
4943
5008
4749
4748
4813
784
718
783
524
523
588
4879
4877
4878
654
652
653
8652
8586
8619
720
460
525
590
655
785
850
8650
4685
4750
4815
4880
4945
5010
5075
8583
8584
8585
8616
8617
8618
8649
8651
398
397
4618
4619
393
4623
8552
4621
4622
8553
4620
396
394
392
8550
395
4617
8551
7346
7150
4811
326
5086
5080
4826
4820
861
855
601
595
5084
5082
4956
4950
4824
4822
859
857
731
725
599
597
5085
5081
4891
4885
860
856
666
660
5083
4825
4821
858
600
596
4954
4952
729
727
4890
4889
4955
4951
4886
4887
665
664
730
726
661
662
5021
5019
5020
796
794
795
5015
4823
4888
4953
5016
5017
5018
790
598
663
728
791
792
793
8621
8622
8623
8654
8655
8656
8405
4696
4690
471
465
4306
4300
81
75
4694
4692
4566
4560
4436
4430
469
467
341
335
211
205
4695
4691
470
466
4371
4365
146
140
4304
4302
79
77
4631
4625
406
400
4564
4562
4434
4432
339
337
209
207
4630
4565
4629
4561
4626
4627
405
340
404
336
401
402
4305
4301
80
76
4693
4563
4628
468
338
403
4435
4369
4370
4431
4366
4367
210
144
145
206
141
142
4433
4303
4368
208
78
143
8557
8555
8556
274
270
271
272
273
275
276
8491
4495
4496
4497
4498
4499
4500
4501
8456
8457
8458
8489
8490
8522
8523
8524
536
4755
534
4756
4761
8589
8588
4758
532
531
530
533
8590
4759
535
4757
4760
854
4949
4689
4299
8653
8587
789
724
4754
8488
5079
4819
594
8554
4884
659
529
4624
269
8521
4364
139
74
4559
464
5014
4494
4429
334
8455
204
399
8620
7345
6386
6380
5866
5860
6384
6382
6256
6250
6126
6120
5996
5990
5864
5862
6385
6381
5931
5925
6321
6315
6061
6055
5863
6254
6252
6124
6122
5994
5992
6320
6255
6319
6251
6316
6317
6383
6253
6318
6187
5861
6125
5993
6191
6123
6188
6189
6190
5929
5926
5927
5928
5991
6186
5865
5930
5995
6056
6057
6058
6059
6060
6121
6185
6371
6370
5006
5005
4215
4209
4187
4186
4177
3316
3120
2275
1691
586
196
39
2
2161
2155
1641
1635
2159
2157
2031
2025
1901
1895
1771
1765
1639
1637
2160
2156
1706
1700
2096
2090
1836
1830
1638
2029
2027
1899
1897
1769
1767
2095
2030
2094
2026
2091
2092
2158
2028
2093
1962
1636
1900
1768
1966
1898
1963
1964
1965
1704
1701
1702
1703
1766
1961
1640
1705
1770
1831
1832
1833
1834
1835
1896
1960
8887
8985
8918
8919
8951
8984
8920
8986
8952
8885
8886
8953
5916
4256
910
6378
6372
5858
5852
6376
6374
6248
6242
6118
6112
5988
5982
5856
5854
6377
6373
5923
5917
6313
6307
6053
6047
5855
6246
6244
6116
6114
5986
5984
6312
6247
6311
6243
6308
6309
6375
6245
6310
6179
5853
6117
5985
6183
6115
6180
6181
6182
5921
5918
5919
5920
5983
6178
5857
5922
5987
6048
6049
6050
6051
6052
6113
6177
4222
2211
2153
2147
1633
1627
2151
2149
2023
2017
1893
1887
1763
1757
1631
1629
2152
2148
1698
1692
2088
2082
1828
1822
1630
2021
2019
1891
1889
1761
1759
2087
2022
2086
2018
2083
2084
2150
2020
2085
1954
1628
1892
1760
1958
1890
1955
1956
1957
1696
1693
1694
1695
1758
1953
1632
1697
1762
1823
1824
1825
1826
1827
1888
1952
8979
8913
8883
8881
8946
8915
8947
8980
8880
8982
8949
8914
8948
8916
8882
8981
6379
1829
5989
5924
6249
1699
2024
6119
8983
8950
2154
1894
6054
2089
8884
1634
1764
5859
6314
1959
6184
8917
8407
8125
6891
1501
1497
981
977
1499
1371
1367
1241
1237
1111
1107
979
1500
1432
1046
1042
1436
1302
1176
978
1369
1239
1109
1435
1370
1434
1108
1043
1044
1498
1368
1433
980
1045
1110
1238
1303
1304
1240
1172
1173
1174
1175
1305
1306
8444
8410
8409
8404
8394
7995
7086
6955
5331
4421
4420
4246
2276
2081
325
195
5726
5722
5206
5202
5724
5596
5592
5466
5462
5336
5332
5204
5725
5657
5271
5267
5661
5527
5401
5203
5594
5464
5334
5660
5595
5659
5333
5268
5269
5723
5593
5658
5205
5270
5335
5463
5528
5529
5465
5397
5398
5399
5400
5530
5531
8715
8815
8782
8783
8814
8816
8781
8717
8716
8748
8749
8750
6696
4223
1885
5736
5728
5476
5468
1511
1503
1251
1243
5734
5732
5730
5606
5598
5474
5472
5470
1509
1507
1505
1381
1373
1249
1247
1245
5735
5729
5541
5533
1510
1504
1316
1308
5733
5475
5663
1508
1250
1438
5471
1246
5604
5602
5600
1379
1377
1375
5540
5539
5605
5599
5664
5665
1315
1314
1380
1374
1439
1440
5671
5669
5670
5469
5534
5535
1446
1444
1445
1244
1309
1310
5667
5603
5668
1442
1378
1443
5537
5473
5536
5538
5601
5666
5731
1312
1248
1311
1313
1376
1441
1506
8818
8785
8786
8787
8788
8819
8820
8821
5346
5338
5216
5208
1121
1113
991
983
5281
5273
1056
1048
5344
5342
5340
5214
5212
5210
1119
1117
1115
989
987
985
5345
5339
1120
1114
5277
1052
5215
5279
5280
5209
5274
5275
990
1054
1055
984
1049
1050
5213
5278
5343
988
1053
1118
8719
986
1051
1116
8722
5211
5276
5341
8720
8721
1186
5408
1185
8754
5404
5410
5406
1181
5405
5409
5407
8752
8755
5403
5411
1182
1184
8753
1183
1180
1178
1179
5727
1437
1112
5532
5662
5402
5337
1242
982
1047
8817
5467
1502
5207
8751
8784
5597
1372
1307
5272
1177
8718
1576
1572
1571
8849
1569
5800
5796
1568
5797
5790
5789
5788
5787
8847
1567
8852
1566
8848
5798
5794
1575
8853
1564
8854
1574
5801
5793
5799
5795
8850
5791
1570
1565
1563
1562
1573
5792
8851
926
923
8682
5150
917
921
8683
5138
5148
924
5137
918
5144
5146
8686
8687
5140
8685
925
5142
912
8688
8684
919
5145
5149
914
5147
920
5139
922
5141
5151
916
5143
915
913
8689
1137
1129
747
739
1135
1133
1131
1007
999
877
869
745
743
741
1136
1130
812
804
1134
1064
942
740
744
1005
1003
1001
875
873
871
1000
1065
1066
870
805
806
934
935
936
872
1072
810
1004
742
807
808
809
874
1071
1006
1068
1069
1070
1132
746
811
876
937
938
939
940
941
1002
1067
5362
5354
4972
4964
5360
5358
5356
5232
5224
5102
5094
4970
4968
4966
5361
5355
5037
5029
5359
5289
5167
4965
4969
5230
5228
5226
5100
5098
5096
5225
5290
5291
5095
5030
5031
5159
5160
5161
5097
5297
5035
5229
4967
5032
5033
5034
5099
5296
5231
5293
5294
5295
5357
4971
5036
5101
5162
5163
5164
5165
5166
5227
5292
8664
8662
8727
8694
8695
8730
8697
8663
8696
8729
8728
8661
4212
5352
5348
4962
4958
1127
1123
737
733
5350
5222
5218
5092
5088
4960
1125
997
993
867
863
735
5351
5283
5027
5023
1126
1058
802
798
5287
4961
5153
1062
736
928
5220
5090
995
865
5286
5221
5285
5026
5025
5091
1061
996
1060
801
800
866
5349
5219
5284
1124
994
1059
4959
5024
5089
5154
5155
5156
5157
734
799
864
929
930
931
932
8659
8658
8691
8692
8724
8725
738
5223
8693
5093
5028
5288
803
998
933
1128
8660
4963
868
8726
5353
1063
5158
8419
7085
4486
1690
715
4444
4438
219
213
4314
4308
89
83
4379
4373
154
148
4442
4440
217
215
4443
4439
218
214
4312
4310
87
85
4378
4313
4377
4309
4374
4375
153
88
152
84
149
150
4441
4311
4376
216
86
151
8495
8460
8461
8462
8493
8494
5330
4231
4834
4828
4574
4568
609
603
349
343
4832
4830
4704
4698
4572
4570
607
605
479
473
347
345
4833
4829
4639
4633
608
604
414
408
4831
4573
4569
606
348
344
4702
4700
477
475
4638
4637
4703
4699
4634
4635
413
412
478
474
409
410
4769
4767
4768
544
542
543
4763
4571
4636
4701
4764
4765
4766
538
346
411
476
539
540
541
8559
8560
8561
8592
8593
8594
284
283
4507
4504
4503
4505
281
4509
8527
280
8528
279
4508
8526
4506
282
278
4810
4842
4836
4582
4576
617
611
357
351
4840
4838
4712
4706
4580
4578
615
613
487
481
355
353
4841
4837
4647
4641
616
612
422
416
4839
4581
4577
614
356
352
4710
4708
485
483
4646
4645
4711
4707
4642
4643
421
420
486
482
417
418
4777
4775
4776
552
550
551
4771
4579
4644
4709
4772
4773
4774
546
354
419
484
547
548
549
8563
8564
8565
8596
8597
8598
4452
4446
227
221
4322
4316
97
91
4387
4381
162
156
4450
4448
225
223
4451
4447
226
222
4320
4318
95
93
4386
4321
4385
4317
4382
4383
161
96
160
92
157
158
4449
4319
4384
224
94
159
8499
8464
8465
8466
8497
8498
290
4513
4514
4515
8532
291
8530
289
292
4517
4516
4511
4512
288
8531
287
286
4445
480
220
8529
4770
8562
8595
4380
415
8463
350
4575
545
155
8496
4705
4640
90
285
4510
4315
4835
610
682
8625
4903
8630
8628
671
680
4895
674
8629
4899
4901
4906
8631
4896
8627
4907
4898
4894
679
669
4893
677
678
672
670
676
668
675
673
4897
4904
4905
8626
681
4900
4902
5882
5874
5492
5484
5880
5878
5876
5752
5744
5622
5614
5490
5488
5486
5881
5875
5557
5549
5879
5809
5687
5485
5489
5750
5748
5746
5620
5618
5616
5745
5810
5811
5615
5550
5551
5679
5680
5681
5617
5817
5555
5749
5487
5552
5553
5554
5619
5816
5751
5813
5814
5815
5877
5491
5556
5621
5682
5683
5684
5685
5686
5747
5812
1657
1649
1267
1259
1655
1653
1651
1527
1519
1397
1389
1265
1263
1261
1656
1650
1332
1324
1654
1584
1462
1260
1264
1525
1523
1521
1395
1393
1391
1520
1585
1586
1390
1325
1326
1454
1455
1456
1392
1592
1330
1524
1262
1327
1328
1329
1394
1591
1526
1588
1589
1590
1652
1266
1331
1396
1457
1458
1459
1460
1461
1522
1587
8862
8826
8794
8796
8795
8828
8861
8859
8829
8860
8793
8827
5872
5868
5482
5478
1647
1643
1257
1253
5870
5742
5738
5612
5608
5480
1645
1517
1513
1387
1383
1255
5871
5803
5547
5543
1646
1578
1322
1318
5807
5481
5673
1582
1256
1448
5740
5610
1515
1385
5806
5741
5805
5546
5545
5611
1581
1516
1580
1321
1320
1386
5869
5739
5804
1644
1514
1579
5479
5544
5609
5674
5675
5676
5677
1254
1319
1384
1449
1450
1451
1452
8791
8790
8823
8824
8856
8857
5873
5613
5808
1258
1648
5743
1388
8792
8825
1518
1323
5678
5548
1583
8858
5483
1453
5786
6402
6396
6012
6006
2177
2171
1787
1781
6400
6398
6272
6266
6142
6136
6010
6008
2175
2173
2047
2041
1917
1911
1785
1783
6401
6397
6077
6071
2176
2172
1852
1846
6337
6331
6011
6007
2112
2106
1786
1782
6270
6268
6140
6138
2045
2043
1915
1913
6336
6271
6335
6267
6332
6333
6076
6075
6141
6137
6072
6073
2111
2046
2110
2042
2107
2108
1851
1850
1916
1912
1847
1848
6399
6269
6334
6009
6074
6139
2174
2044
2109
1784
1849
1914
6207
6201
6202
6203
6204
6205
6206
1982
1976
1977
1978
1979
1980
1981
8994
8926
8927
8928
8959
8960
8961
8992
8993
6306
2080
260
6394
6388
6004
5998
2169
2163
1779
1773
6392
6390
6264
6258
6134
6128
6002
6000
2167
2165
2039
2033
1909
1903
1777
1775
6393
6389
6069
6063
2168
2164
1844
1838
6329
6323
6003
5999
2104
2098
1778
1774
6262
6260
6132
6130
2037
2035
1907
1905
6328
6263
6327
6259
6324
6325
6068
6067
6133
6129
6064
6065
2103
2038
2102
2034
2099
2100
1843
1842
1908
1904
1839
1840
6391
6261
6326
6001
6066
6131
2166
2036
2101
1776
1841
1906
6199
6193
6194
6195
6196
6197
6198
1974
1968
1969
1970
1971
1972
1973
8990
8922
8923
8924
8955
8956
8957
8988
8989
6005
8991
1845
8958
1780
6135
2040
1975
2105
6200
6395
6330
6070
1910
8925
2170
6265
1716
8895
5938
8893
8890
5939
5945
5942
8891
8892
1710
5935
5936
5937
5934
5933
5946
1712
1718
1717
8889
1722
1719
8894
1713
1715
5944
1721
5940
5941
1714
1720
1711
5943
5947
1709
1708
1200
8763
1195
5419
8761
1198
5422
5421
1196
5415
5425
5416
1197
1188
8759
8760
8758
1191
5418
1201
5417
1199
8762
5424
5423
1192
5426
5427
1194
5413
1190
5414
5420
1202
8757
1189
1193
4372
4762
992
4957
862
537
4632
147
5932
212
4502
2032
407
6387
8525
2162
4307
1187
1642
1967
1837
8558
1707
8690
8591
1252
4567
1382
667
6062
5802
1772
8657
8888
5737
1577
8855
1317
5542
5867
1447
5607
4892
5347
1122
8789
8987
927
5152
8756
5217
8723
5412
8954
6322
5282
6257
5022
5477
5087
6192
5672
4827
1512
82
4697
8822
8921
602
6127
1057
8624
472
342
1902
5997
4437
2097
8459
8492
277
797
732
6403
1788
6208
358
5298
4843
4518
1983
228
5428
1398
1723
4713
6338
1463
98
8467
1593
1333
8830
8533
8962
2048
5948
5818
8599
1528
1853
5233
5753
5688
618
6013
8797
8731
4908
1268
8764
1203
8863
8698
1658
8929
8896
1138
5168
5493
1008
5038
6078
6273
683
4973
878
4388
1073
813
4778
5623
1918
488
4323
2113
6143
553
943
8665
748
423
8632
8500
4583
293
5363
4648
4453
2178
8566
163
5883
5558
8995
5103
4286
4225
4211
4164
3575
3055
1
8100
8094
7710
7704
3875
3869
3485
3479
8098
8096
7970
7964
7840
7834
7708
7706
3873
3871
3745
3739
3615
3609
3483
3481
8099
8095
7775
7769
3874
3870
3550
3544
8035
8029
7709
7705
3810
3804
3484
3480
7968
7966
7838
7836
3743
3741
3613
3611
8034
7969
8033
7965
8030
8031
7774
7773
7839
7835
7770
7771
3809
3744
3808
3740
3805
3806
3549
3548
3614
3610
3545
3546
8097
7967
8032
7707
7772
7837
3872
3742
3807
3482
3547
3612
7905
7899
7900
7901
7902
7903
7904
3680
3674
3675
3676
3677
3678
3679
9427
9359
9360
9361
9392
9393
9394
9425
9426
8406
8392
8391
7801
7606
7605
7281
7280
7215
6111
5396
4746
4284
4283
4282
4259
4230
4229
4221
4213
4207
4204
4189
4188
4170
4169
4167
4165
4163
4162
4161
4160
3966
3965
3576
3510
2991
2926
2796
1235
1171
4
8230
8224
4005
3999
8360
8354
4135
4129
8295
8289
4070
4064
8228
8226
4003
4001
8229
8225
4004
4000
8358
8356
4133
4131
8294
8293
8359
8355
8290
8291
4069
4068
4134
4130
4065
4066
8227
8292
8357
4002
4067
4132
9526
9491
9492
9493
9524
9525
3940
8159
8160
9458
3938
3935
9459
8163
8164
3936
3939
9460
3937
8165
8161
8162
3934
8126
5395
7976
7972
3751
3747
8366
8362
4141
4137
8236
8232
8106
8102
7974
4011
4007
3881
3877
3749
8041
8037
3816
3812
8301
8297
4076
4072
8364
4139
7975
3750
8167
3942
8234
8104
4009
3879
8040
8039
8105
3815
3814
3880
8365
4140
7973
8038
8103
3748
3813
3878
8235
8299
8300
4010
4074
4075
8233
8168
8169
8170
8171
8298
8363
4008
3943
3944
3945
3946
4073
4138
9430
9429
9462
9463
9495
9496
9528
9529
8448
8447
8403
8390
5265
4291
4239
4201
3705
1495
64
7846
7842
7716
7712
3621
3617
3491
3487
7781
7777
3556
3552
7844
7714
3619
3489
7845
7713
3620
3488
7843
7715
7778
7779
7780
3618
3490
3553
3554
3555
9364
9363
3686
9396
7911
3682
7909
7907
7910
9397
3683
3684
7908
3685
8449
8445
8424
8423
8421
8420
8415
8414
8389
8321
7930
7020
6956
6501
6500
6305
6241
6176
6175
6110
6046
5201
4290
4288
4287
4281
4280
4279
4278
4277
4275
4272
4271
4260
4257
4255
4243
4242
4240
4236
4235
4232
4228
4226
4224
4220
4219
4218
4217
4216
4214
4205
4203
4200
4199
4198
4196
4181
4180
3836
3835
3771
3770
3186
3185
2795
2731
2730
1951
1950
1821
1820
1560
1496
1431
1301
1300
1236
975
781
585
521
520
130
65
63
62
61
60
58
52
51
50
40
38
37
35
29
28
27
25
22
21
16
15
10
9
8
7
6
5
3
7711
3811
9494
3876
9527
8296
4136
4006
3681
3616
8361
3941
4071
3486
9362
3746
7776
7841
7971
8101
9461
8036
9428
8231
7906
8166
9395
3551
8426
7541
46
7326
7320
7066
7060
3101
3095
2841
2835
7324
7322
7196
7190
7064
7062
3099
3097
2971
2965
2839
2837
7325
7321
7131
7125
3100
3096
2906
2900
7323
7065
7061
3098
2840
2836
7194
7192
2969
2967
7130
7129
7195
7191
7126
7127
2905
2904
2970
2966
2901
2902
7261
7259
7260
3036
3034
3035
7255
7063
7128
7193
7256
7257
7258
3030
2838
2903
2968
3031
3032
3033
9197
9198
9199
9230
9231
9232
4175
7586
7580
7456
7450
3361
3355
3231
3225
7521
7515
3296
3290
7584
7582
7454
7452
3359
3357
3229
3227
7585
7581
3360
3356
7455
7519
7520
7451
7516
7517
3230
3294
3295
3226
3291
3292
7453
7518
7583
3228
3293
3358
9298
9296
9297
3166
7388
9265
7391
3165
3164
7386
7389
7387
3163
7385
3160
9263
9264
3162
3161
7390
8436
8432
8431
8430
8387
7670
7216
7151
7021
5525
5461
4745
4285
4195
4194
3250
3056
2925
2406
780
716
7578
7574
7058
7054
3353
3349
2833
2829
7576
7448
7444
7318
7314
7188
7184
7056
3351
3223
3219
3093
3089
2963
2959
2831
7577
7509
7123
7119
3352
3284
2898
2894
7513
7379
7253
7055
3288
3154
3028
2830
7446
7316
7186
3221
3091
2961
7512
7447
7511
7185
7120
7121
3287
3222
3286
2960
2895
2896
7575
7445
7510
7057
7122
7187
3350
3220
3285
2832
2897
2962
7315
7380
7381
3090
3155
3156
7317
7249
7250
7251
7252
7382
7383
3092
3024
3025
3026
3027
3157
3158
9195
9194
9227
9228
9260
9261
9293
9294
7189
2834
9196
2964
9262
7319
3354
7254
3029
3289
3224
9229
2899
3159
7579
7449
9295
7514
3094
7384
7124
7059
8440
8439
8418
8417
8411
8408
8399
8396
8395
8393
8191
7735
7476
7475
6826
6825
6760
6436
6435
5981
4273
4270
4258
4254
4253
4251
4250
4249
4247
4245
4244
4191
4190
3445
3121
976
650
59
47
44
41
34
31
6936
6932
6546
6542
2711
2707
2321
2317
6934
6806
6802
6676
6672
6544
2709
2581
2577
2451
2447
2319
6935
6867
6611
6607
2710
2642
2386
2382
6871
6545
6737
2646
2320
2512
6804
6674
2579
2449
6870
6805
6869
6610
6609
6675
2645
2580
2644
2385
2384
2450
6933
6803
6868
2708
2578
2643
6543
6608
6673
6738
6739
6740
6741
2318
2383
2448
2513
2514
2515
2516
9067
9066
9099
9100
9132
9133
8446
8437
8425
8422
5720
5526
5460
4262
4261
4166
3446
2405
2016
456
391
390
30
18
2705
2699
2315
2309
2703
2701
2575
2569
2445
2439
2313
2311
2704
2700
2380
2374
2640
2634
2314
2310
2573
2571
2443
2441
2639
2574
2638
2570
2635
2636
2379
2378
2444
2440
2375
2376
2702
2572
2637
2312
2377
2442
2510
2504
2505
2506
2507
2508
2509
8427
8388
6761
5721
4264
4263
1625
1170
1105
1040
33
32
13
11
6930
6924
6540
6534
6928
6926
6800
6794
6670
6664
6538
6536
6929
6925
6605
6599
6865
6859
6539
6535
6798
6796
6668
6666
6864
6799
6863
6795
6860
6861
6604
6603
6669
6665
6600
6601
6927
6797
6862
6537
6602
6667
6735
6729
6730
6731
6732
6733
6734
9130
9095
9097
9064
9129
9128
9096
9062
9063
2706
6606
2511
2316
9131
6671
6541
6736
6931
2641
9065
2446
2576
9098
6801
6866
2381
2776
7000
2774
6995
9162
6998
6993
2772
6992
7001
6990
2771
2766
2775
6999
2770
6994
2773
9166
6991
9165
6997
9163
2769
2764
2768
2765
6996
9161
2767
6989
9164
3426
9330
9326
9331
7648
7644
7642
7641
3416
7646
3414
3424
7651
3423
7643
7647
3415
9329
3419
3420
7649
7650
3422
9328
3418
3421
7640
3425
7645
9327
7639
3417
2860
7342
6952
3117
2727
7344
6954
3119
2729
7343
6953
3118
2728
7212
7082
2987
2857
7277
7017
3052
2792
7214
7084
2989
2859
7213
7278
7279
7083
7018
7019
2988
3053
3054
2858
2793
2794
7147
7148
7149
2922
2923
2924
9242
9175
9176
9208
9209
9241
2665
2146
7340
7336
6950
6946
3115
3111
2725
2721
7338
7210
7206
7080
7076
6948
3113
2985
2981
2855
2851
2723
7339
7271
7015
7011
3114
3046
2790
2786
7275
6949
7141
3050
2724
2916
7208
7078
2983
2853
7274
7209
7273
7014
7013
7079
3049
2984
3048
2789
2788
2854
7337
7207
7272
3112
2982
3047
6947
7012
7077
7142
7143
7144
7145
2722
2787
2852
2917
2918
2919
2920
9173
9172
9205
9206
9238
9239
7211
9174
9207
6951
2726
7146
2856
2791
7016
3051
7276
7341
7081
9240
3116
2921
2986
4234
2340
45
43
6816
6556
2591
2331
6824
6564
2599
2339
6822
6820
6818
6686
6562
6560
6558
2597
2595
2593
2461
2337
2335
2333
6817
6621
2592
2396
6823
6563
2598
2338
6694
2469
6819
6557
2594
2332
6561
2336
6692
6690
6688
2467
2465
2463
6687
6622
6623
2462
2397
2398
6759
2534
6751
6752
6753
2526
2527
2528
6757
6693
6758
2532
2468
2533
6755
6689
6754
2530
2464
2529
6627
6628
6629
2402
2403
2404
6559
6624
6625
6626
6691
6756
6821
2334
2399
2400
2401
2466
2531
2596
9107
9073
9074
9075
9076
9077
9106
9108
9109
9110
6885
6888
6883
2660
9139
9141
2659
2661
2658
9143
9142
2663
2662
2656
9140
6882
6884
6881
6889
2657
2664
6886
6887
7996
5851
5200
4876
4274
4269
4268
4267
4252
2600
2470
7334
7328
6944
6938
3109
3103
2719
2713
7332
7330
7204
7198
7074
7068
6942
6940
3107
3105
2979
2973
2849
2843
2717
2715
7333
7329
7009
7003
3108
3104
2784
2778
7269
7263
6943
6939
3044
3038
2718
2714
7202
7200
7072
7070
2977
2975
2847
2845
7268
7203
7267
7199
7264
7265
7008
7007
7073
7069
7004
7005
3043
2978
3042
2974
3039
3040
2783
2782
2848
2844
2779
2780
7331
7201
7266
6941
7006
7071
3106
2976
3041
2716
2781
2846
7139
7133
7134
7135
7136
7137
7138
2914
2908
2909
2910
2911
2912
2913
9236
9168
9169
9170
9201
9202
9203
9234
9235
8256
6240
4248
4237
2990
2015
1886
1041
49
36
12
6814
6808
6554
6548
2589
2583
2329
2323
6812
6810
6684
6678
6552
6550
2587
2585
2459
2453
2327
2325
6813
6809
6619
6613
2588
2584
2394
2388
6811
6553
6549
2586
2328
2324
6682
6680
2457
2455
6618
6617
6683
6679
6614
6615
2393
2392
2458
2454
2389
2390
6749
6747
6748
2524
2522
2523
6743
6551
6616
6681
6744
6745
6746
2518
2326
2391
2456
2519
2520
2521
9069
9070
9071
9102
9103
9104
2652
2650
6875
9136
6877
2649
6876
6879
6873
9137
6878
2651
9135
2653
6874
2648
2654
2330
7205
6555
2980
9237
2850
9204
6815
2720
2785
6620
6750
6685
2460
9072
9105
3110
7335
7010
2395
7075
6945
2525
9138
3045
2655
2590
9171
7140
2915
6880
7270
8320
7800
6631
5980
3315
2471
7724
7718
7464
7458
3499
3493
3239
3233
7722
7720
7594
7588
7462
7460
3497
3495
3369
3363
3237
3235
7723
7719
7529
7523
3498
3494
3304
3298
7721
7463
7459
3496
3238
3234
7592
7590
3367
3365
7528
7527
7593
7589
7524
7525
3303
3302
3368
3364
3299
3300
7659
7657
7658
3434
3432
3433
7653
7461
7526
7591
7654
7655
7656
3428
3236
3301
3366
3429
3430
3431
9300
9301
9302
9333
9334
9335
8114
8108
3889
3883
8374
8368
4149
4143
8244
8238
8112
8110
4019
4013
3887
3885
8179
8173
3954
3948
8372
8370
4147
4145
8309
8303
4084
4078
8111
3886
8242
8240
4017
4015
8373
8369
4148
4144
8307
8243
8308
8305
8239
8304
4082
4018
4083
4080
4014
4079
8177
8113
8178
3952
3888
3953
8175
8109
8174
8176
8241
8306
8371
3950
3884
3949
3951
4016
4081
4146
9531
9465
9466
9467
9498
9499
9500
9532
9533
4265
4227
4031
7984
7978
7854
7848
3759
3753
3629
3623
7919
7913
3694
3688
7982
7980
7852
7850
3757
3755
3627
3625
7983
7979
3758
3754
7853
7917
7918
7849
7914
7915
3628
3692
3693
3624
3689
3690
7851
7916
7981
3626
3691
3756
9401
9399
9400
3824
9434
8045
9432
8044
9433
8047
3823
3819
8049
8046
8043
8048
3822
3821
3818
3820
3564
9366
7784
7786
7789
7787
9367
7788
9368
3563
3559
7783
3561
3560
3562
7785
3558
7992
3767
8382
7994
4157
3769
7993
3768
8384
8252
8122
4159
4027
3897
8383
4158
8057
3832
8254
8124
4029
3899
8123
8058
8059
3898
3833
3834
9539
9538
9440
9439
8253
4028
8317
8318
8319
3962
3963
3964
8187
4092
4093
4094
8188
8189
9472
9473
9505
9506
7990
7986
3765
3761
8380
8376
4155
4151
8250
8246
8120
8116
7988
4025
4021
3895
3891
3763
8055
8051
3830
3826
8315
8311
4090
4086
8378
4153
7989
3764
8181
3956
8248
8118
4023
3893
8054
8053
8119
3829
3828
3894
8379
4154
7987
8052
8117
3762
3827
3892
8249
8313
8314
4024
4088
4089
8247
8182
8183
8184
8185
8312
8377
4022
3957
3958
3959
3960
4087
4152
9437
9436
9469
9470
9502
9503
9535
9536
3766
9438
9471
4156
9504
3961
4026
9537
3896
8381
7991
8186
8251
3831
8056
8121
8316
4091
7671
7856
7726
3631
3501
7864
7734
3639
3509
7791
3566
7799
3574
7862
7860
7858
7732
7730
7728
3637
3635
3633
3507
3505
3503
9374
7857
3632
7797
7795
3572
3570
7727
7792
7793
3502
3567
3568
7729
7794
7859
3504
3569
3634
7861
7731
7796
3636
3506
3571
7863
7733
7798
3638
3508
3573
9370
9371
9372
9373
7540
4096
3380
7596
7466
3371
3241
7604
7474
3379
3249
7531
3306
7539
3314
7602
7600
7598
7472
7470
7468
3377
3375
3373
3247
3245
3243
9308
7597
3372
7537
7535
3312
3310
7467
7532
7533
3242
3307
3308
7469
7534
7599
3244
3309
3374
7601
7471
7536
3376
3246
3311
7603
7473
7538
3378
3248
3313
9304
9305
9306
9307
3436
7662
7664
7663
7665
9340
3440
3441
7668
3443
3442
3444
7666
3439
3437
3438
7661
7669
7667
9338
9337
9339
9341
7921
3696
3704
3700
9405
9407
7928
3697
7929
7924
3703
9404
3699
9403
9406
7923
3701
3702
3698
7925
7922
7927
7926
9336
3240
7855
3760
8245
7465
9501
4150
8310
3955
4085
9468
4020
9534
3890
9435
3500
9369
7790
3630
3370
8180
8115
3305
8375
7660
7725
3565
7985
8050
7530
7920
9303
9402
7595
3695
3435
3825
7395
3172
7408
7405
7407
3175
9268
7409
9269
7397
7401
3182
3178
7399
3169
9273
9274
3180
7404
7406
3168
9272
7393
7396
7394
7400
9275
9267
9271
7403
3171
3179
3176
3170
3173
7398
3184
3174
3183
9270
7402
3177
3181
8172
3232
7067
7522
2322
3037
3427
6677
9266
2517
2907
8302
9167
6612
6742
2972
6547
4142
8237
3102
9332
4077
7912
8107
4012
3817
9299
3622
9398
9530
7262
7652
9233
3492
3882
7847
8042
3297
7782
7717
2452
7457
3167
3557
2582
9068
9464
3362
7977
7327
7132
6937
9134
2842
7197
9101
2712
6872
7587
3752
9200
9431
2647
7392
6807
7002
2387
8367
3947
9365
3687
2777
9497
8450
6045
5136
5135
4680
4210
4193
2861
2536
2535
55
48
7288
7028
3063
2803
7282
7022
3057
2797
7286
7284
7158
7026
7024
3061
3059
2933
2801
2799
7287
7093
3062
2868
7283
7023
3058
2798
7152
2927
7223
2998
7025
2800
7156
7154
2931
2929
7222
7157
7221
2997
2932
2996
7217
2992
7027
7091
7092
2802
2866
2867
7219
7153
7218
2994
2928
2993
7090
7087
7088
7089
7155
7220
7285
2865
2862
2863
2864
2930
2995
3060
9213
9177
9178
9179
9180
9210
9211
9212
4551
131
6898
6508
2673
2283
6892
6502
2667
2277
6896
6894
6768
6638
6506
6504
2671
2669
2543
2413
2281
2279
6897
6573
2672
2348
6893
6503
2668
2278
6762
6632
2537
2407
6833
6507
2608
2282
6766
6764
6636
6634
2541
2539
2411
2409
6832
6767
6831
6572
6571
6637
2607
2542
2606
2347
2346
2412
6827
6567
2602
2342
6703
6701
6702
2478
2476
2477
6829
6763
6828
6569
6568
6633
2604
2538
2603
2344
2343
2408
6699
6697
6698
2474
2472
2473
9114
9048
9081
2540
2280
2345
2410
2475
2605
2670
9112
6505
6570
6635
6700
6765
6830
6895
9045
9046
9047
9078
9079
9080
9111
9113
2738
2732
9147
6962
6959
6960
2734
9146
6957
2733
9145
2736
6961
2735
6963
2737
9144
6958
8433
6565
5655
4940
4875
4550
4485
4356
4355
4276
4266
4241
4238
4233
4192
4185
4183
4182
4174
4172
4171
3900
3641
3640
1430
54
53
42
20
19
17
6776
6770
6516
6510
2551
2545
2291
2285
6774
6772
6646
6640
6514
6512
2549
2547
2421
2415
2289
2287
6775
6771
6581
6575
2550
2546
2356
2350
6773
6515
6511
2548
2290
2286
6644
6642
2419
2417
6580
6579
6645
6641
6576
6577
2355
2354
2420
2416
2351
2352
6711
6709
6710
2486
2484
2485
6705
6513
6578
6643
6706
6707
6708
2480
2288
2353
2418
2481
2482
2483
9050
9051
9052
9083
9084
9085
8429
7866
5590
4941
4615
4173
3706
1561
24
23
7296
7290
6906
6900
3071
3065
2681
2675
7294
7292
7166
7160
7036
7030
6904
6902
3069
3067
2941
2935
2811
2805
2679
2677
7295
7291
6971
6965
3070
3066
2746
2740
7231
7225
6905
6901
3006
3000
2680
2676
7164
7162
7034
7032
2939
2937
2809
2807
7230
7165
7229
7161
7226
7227
6970
6969
7035
7031
6966
6967
3005
2940
3004
2936
3001
3002
2745
2744
2810
2806
2741
2742
7293
7163
7228
6903
6968
7033
3068
2938
3003
2678
2743
2808
7101
7095
7096
7097
7098
7099
7100
2876
2870
2871
2872
2873
2874
2875
9217
9149
9150
9151
9182
9183
9184
9215
9216
2616
2610
6835
6836
2612
9118
6840
6838
6839
2615
9116
2611
9117
2614
6837
2613
6841
2284
6704
9181
2934
6834
7289
6964
2674
3064
7159
7029
7094
2479
2999
9214
9049
2739
9148
2869
2804
2609
6769
2349
7224
6574
2414
2544
9115
6509
6899
9082
6639
7312
7306
6922
6916
3087
3081
2697
2691
7310
7308
7182
7176
7052
7046
6920
6918
3085
3083
2957
2951
2827
2821
2695
2693
7311
7307
6987
6981
3086
3082
2762
2756
7247
7241
6921
6917
3022
3016
2696
2692
7180
7178
7050
7048
2955
2953
2825
2823
7246
7181
7245
7177
7242
7243
6986
6985
7051
7047
6982
6983
3021
2956
3020
2952
3017
3018
2761
2760
2826
2822
2757
2758
7309
7179
7244
6919
6984
7049
3084
2954
3019
2694
2759
2824
7117
7111
7112
7113
7114
7115
7116
2892
2886
2887
2888
2889
2890
2891
9225
9157
9158
9159
9190
9191
9192
9223
9224
8435
8434
8398
8397
8386
5591
4616
4208
4202
2666
2601
6792
6786
6532
6526
2567
2561
2307
2301
6790
6788
6662
6656
6530
6528
2565
2563
2437
2431
2305
2303
6791
6787
6597
6591
2566
2562
2372
2366
6789
6531
6527
2564
2306
2302
6660
6658
2435
2433
6596
6595
6661
6657
6592
6593
2371
2370
2436
2432
2367
2368
6727
6725
6726
2502
2500
2501
6721
6529
6594
6659
6722
6723
6724
2496
2304
2369
2434
2497
2498
2499
9058
9059
9060
9091
9092
9093
2627
9126
6856
6857
6853
2630
6854
9124
6852
2626
6851
2632
2628
2629
6855
9125
2631
8443
8441
8400
4197
1756
6914
6908
6524
6518
2689
2683
2299
2293
6912
6910
6784
6778
6654
6648
6522
6520
2687
2685
2559
2553
2429
2423
2297
2295
6913
6909
6589
6583
2688
2684
2364
2358
6849
6843
6523
6519
2624
2618
2298
2294
6782
6780
6652
6650
2557
2555
2427
2425
6848
6783
6847
6779
6844
6845
6588
6587
6653
6649
6584
6585
2623
2558
2622
2554
2619
2620
2363
2362
2428
2424
2359
2360
6911
6781
6846
6521
6586
6651
2686
2556
2621
2296
2361
2426
6719
6713
6714
6715
6716
6717
6718
2494
2488
2489
2490
2491
2492
2493
9122
9054
9055
9056
9087
9088
9089
9120
9121
7865
7304
7298
7044
7038
3079
3073
2819
2813
7302
7300
7174
7168
7042
7040
3077
3075
2949
2943
2817
2815
7303
7299
7109
7103
3078
3074
2884
2878
7301
7043
7039
3076
2818
2814
7172
7170
2947
2945
7108
7107
7173
7169
7104
7105
2883
2882
2948
2944
2879
2880
7239
7237
7238
3014
3012
3013
7233
7041
7106
7171
7234
7235
7236
3008
2816
2881
2946
3009
3010
3011
9186
9187
9188
9219
9220
9221
2754
9155
6975
6979
2752
2753
9154
2750
6974
6977
6973
9153
2751
6976
2749
2748
6978
6525
6850
9123
9057
7045
2365
2885
6980
2950
2495
7175
3080
9222
7305
9090
6590
6915
6720
2820
9189
6655
6785
2690
9156
2300
2430
7240
2560
2755
3015
2625
7110
7232
9053
9218
2812
7297
6582
9152
2877
7102
2487
2747
6907
6712
3072
6777
2357
2292
2682
6842
3007
6972
9185
7167
2942
6647
9086
2552
2422
9119
6517
7037
2617
6695
5656
2341
1755
7692
7688
7432
7428
3467
3463
3207
3203
7690
7562
7558
7430
3465
3337
3333
3205
7691
7497
7623
7429
3466
3272
3398
3204
7627
7493
3402
3268
7560
3335
7626
7561
7625
3401
3336
3400
7689
7431
7494
7495
7496
7559
7624
3464
3206
3269
3270
3271
3334
3399
9319
9285
9286
9318
8428
8413
7736
7410
5070
3381
2145
7702
7694
7442
7434
3477
3469
3217
3209
7700
7698
7696
7572
7564
7440
7438
7436
3475
3473
3471
3347
3339
3215
3213
3211
7701
7695
7507
7499
3476
3470
3282
3274
7699
7441
7629
3474
3216
3404
7437
3212
7570
7568
7566
3345
3343
3341
7506
7505
7571
7565
7630
7631
3281
3280
3346
3340
3405
3406
7637
7635
7636
7435
7500
7501
3412
3410
3411
3210
3275
3276
7633
7569
7634
3408
3344
3409
7503
7439
7502
7504
7567
7632
7697
3278
3214
3277
3279
3342
3407
3472
9321
9288
9289
9290
9291
9322
9323
9324
3338
3403
7693
3273
9287
3468
3208
7563
7498
7433
7628
9320
8214
8208
3989
3983
8344
8338
4119
4113
8279
8273
4054
4048
8212
8210
3987
3985
8213
8209
3988
3984
8342
8340
4117
4115
8278
8277
8343
8339
8274
8275
4053
4052
4118
4114
4049
4050
8211
8276
8341
3986
4051
4116
9518
9483
9484
9485
9516
9517
8084
8078
7824
7818
3859
3853
3599
3593
8082
8080
7954
7948
7822
7820
3857
3855
3729
3723
3597
3595
8083
8079
7889
7883
3858
3854
3664
3658
8081
7823
7819
3856
3598
3594
7952
7950
3727
3725
7888
7887
7953
7949
7884
7885
3663
3662
3728
3724
3659
3660
8019
8017
8018
3794
3792
3793
8013
7821
7886
7951
8014
8015
8016
3788
3596
3661
3726
3789
3790
3791
9384
9385
9386
9417
9418
9419
3924
8145
8149
8148
8147
9450
8144
9452
9451
3919
8143
3921
3922
3920
3923
8146
3918
8412
8060
8222
8216
3997
3991
8352
8346
4127
4121
8287
8281
4062
4056
8220
8218
3995
3993
8221
8217
3996
3992
8350
8348
4125
4123
8286
8285
8351
8347
8282
8283
4061
4060
4126
4122
4057
4058
8219
8284
8349
3994
4059
4124
9522
9487
9488
9489
9520
9521
8402
8385
8061
6890
6630
8092
8086
7832
7826
3867
3861
3607
3601
8090
8088
7962
7956
7830
7828
3865
3863
3737
3731
3605
3603
8091
8087
7897
7891
3866
3862
3672
3666
8089
7831
7827
3864
3606
3602
7960
7958
3735
3733
7896
7895
7961
7957
7892
7893
3671
3670
3736
3732
3667
3668
8027
8025
8026
3802
3800
3801
8021
7829
7894
7959
8022
8023
8024
3796
3604
3669
3734
3797
3798
3799
9388
9389
9390
9421
9422
9423
3932
3929
9455
3926
8155
3927
8153
9456
8156
8152
3930
3931
8154
3928
8151
9454
8157
7825
3730
8280
9519
8345
9486
4120
4055
3925
7955
8215
3665
8150
3795
9420
3600
3990
8085
3860
9387
8020
9453
7890
3542
7754
7762
3541
7763
9352
3534
7757
7758
7756
9351
3530
7765
7760
7767
3537
3536
3539
7759
7753
7761
3533
9357
7764
9356
9355
3528
7755
3538
3535
7766
3529
3540
3531
3532
9353
9354
3721
3715
3201
3195
3719
3717
3591
3585
3461
3455
3331
3325
3199
3197
3720
3716
3266
3260
3656
3650
3396
3390
3198
3589
3587
3459
3457
3329
3327
3655
3590
3654
3586
3651
3652
3718
3588
3653
3522
3196
3460
3328
3526
3458
3523
3524
3525
3264
3261
3262
3263
3326
3521
3200
3265
3330
3391
3392
3393
3394
3395
3456
3520
7931
3901
7946
7940
7426
7420
7944
7942
7816
7810
7686
7680
7556
7550
7424
7422
7945
7941
7491
7485
7881
7875
7621
7615
7423
7814
7812
7684
7682
7554
7552
7880
7815
7879
7811
7876
7877
7943
7813
7878
7747
7421
7685
7553
7751
7683
7748
7749
7750
7489
7486
7487
7488
7551
7746
7425
7490
7555
7616
7617
7618
7619
7620
7681
7745
9380
9281
9348
9347
9283
9315
9349
9282
9316
9382
9381
9314
3511
7938
7678
3713
3453
7932
7672
3707
3447
7936
7934
7808
7676
7674
3711
3709
3583
3451
3449
7937
7743
3712
3518
7933
7673
3708
3448
7802
3577
7873
3648
7675
3450
7806
7804
3581
3579
7872
7807
7871
3647
3582
3646
7867
3642
7677
7741
7742
3452
3516
3517
7869
7803
7868
3644
3578
3643
7740
7737
7738
7739
7805
7870
7935
3515
3512
3513
3514
3580
3645
3710
9378
9342
9343
9344
9345
9375
9376
9377
8401
4030
14
7548
7418
3323
3193
7542
7412
3317
3187
7483
3258
7477
3252
7546
7544
7416
7414
3321
3319
3191
3189
9276
7547
3322
7479
3254
7417
7481
7482
3192
3256
3257
7415
7480
7545
3190
3255
3320
7543
7413
7478
3318
3188
3253
9277
9278
9279
7613
7607
3385
7608
7610
3387
9309
7612
3383
9310
9312
9311
3382
3388
3384
7611
3386
7609
3519
3714
7419
9313
7939
9280
9346
7614
3389
7549
3259
7809
3649
9379
7874
7744
3194
7484
3584
7679
3454
3324
4095
8076
8068
3851
3843
8336
8328
4111
4103
8206
8198
8074
8072
8070
3981
3973
3849
3847
3845
8141
8133
3916
3908
8334
8332
8330
4109
4107
4105
8271
8263
4046
4038
8073
3848
8069
3844
8204
8202
8200
3979
3977
3975
8199
8134
8135
3974
3909
3910
8335
4110
8331
4106
8269
8205
8270
4044
3980
4045
8139
8075
8140
3914
3850
3915
8329
8264
8265
4104
4039
4040
8137
8138
8203
3912
3913
3978
8201
8071
8136
8266
8267
8268
8333
3976
3846
3911
4041
4042
4043
4108
9445
9446
9447
9448
9478
9479
9480
9481
9511
9512
9513
9514
8255
8190
7411
3251
8066
3841
8326
8062
4101
3837
9507
8196
8064
3971
3839
8131
3906
8063
3838
8324
8192
4099
3967
8261
4036
4097
8322
8194
3969
8065
3840
8129
8130
8195
3904
3905
3970
8323
8193
8127
8128
4034
4035
4100
8257
8258
8259
8260
8325
3968
3902
3903
9474
4032
4033
4098
9441
9442
9443
9475
9476
9508
9509
8197
8132
9510
9444
3972
8262
4037
4102
3907
8327
3842
9477
8067
3786
8004
3785
9415
3784
3777
9410
8007
7999
8001
9408
7997
8010
3780
8000
8003
3779
3781
3778
9413
9412
8006
3776
8011
9414
3783
8009
8005
9411
7998
8008
3774
3775
3773
8002
9409
3772
3782
9449
7817
8207
8077
9350
7557
3592
3722
9515
7882
4112
9482
4047
8272
7427
3462
3657
9416
3852
7687
8012
7622
3202
9284
9317
7492
3527
3982
8142
9383
3267
3332
3787
3917
7947
7752
8337
3397
7370
9251
3140
3141
7353
9253
7365
3138
3144
3145
7363
3127
7366
3139
7368
7357
3136
7356
7358
7355
7375
7351
9248
3152
7354
7350
9243
7371
7349
3123
3135
9246
7374
7360
7367
9250
9249
7352
9247
3126
3124
3142
3147
7347
3148
7369
3150
9257
3151
3143
3146
9254
3131
7376
7362
9252
7361
9255
7373
7377
3134
3133
3132
7359
3130
7348
3129
3122
3128
9258
7372
3125
9244
9256
9245
3137
7364
3149
2568
8288
2633
7638
6793
8353
9160
6663
2373
7118
9061
2828
6598
7508
8093
8223
3023
9424
4063
7183
7313
3933
3998
9457
8028
3868
3803
9391
3478
6923
3738
9358
3673
3608
7573
3283
3088
9325
3348
3413
9094
9127
9490
2958
9193
7378
3153
6988
7703
7053
3218
9259
2698
7898
2763
4128
2893
3543
9292
7443
7768
7248
7833
9226
6728
7963
2503
2308
6858
6533
9523
2438
8158
6494
2253
6481
6482
6440
6477
2216
6493
2254
2245
2252
9032
9042
6442
2239
2212
9028
2244
9031
2240
6470
6464
6451
2236
6449
2263
9034
6484
2262
6443
6461
2235
2223
6457
6485
2227
2220
9016
6448
6444
6447
9018
6445
9012
2268
6466
9038
6458
6498
6497
9035
2248
9036
6460
2230
6487
6468
2234
2213
2257
9013
6463
9033
9022
6472
6452
2260
9040
2237
2215
2273
2243
2269
6437
2272
9043
9041
9014
2270
2267
6490
6489
6486
6459
6479
2261
2256
2232
6480
9037
2250
9025
6474
6478
6467
6492
6473
6438
6499
9015
2241
6495
6462
6471
2231
9029
6450
2225
9019
2246
9021
9027
9023
9039
6491
6456
6476
6453
9020
9017
6446
2219
6488
2271
2221
2217
6439
2224
9026
2264
2218
2249
2258
2229
2259
2251
2242
6465
9024
2214
2222
6483
2274
6496
2266
2255
6475
6469
2238
2228
6454
2233
6455
2226
6441
9044
2265
9030
2247
